#	Label	BJD_TDB	rel_flux_T1	rel_flux_err_T1	AIR	JD_UTC
1	fl.debias.st.0105.TIC99869022.01.fits	2459317.621067	0.718430	0.001147	1.250000	0.618791
2	fl.debias.st.0107.TIC99869022.01.fits	2459317.622189	0.719751	0.001144	1.250000	0.619913
3	fl.debias.st.0109.TIC99869022.01.fits	2459317.623324	0.717793	0.001135	1.240000	0.621047
4	fl.debias.st.0111.TIC99869022.01.fits	2459317.624446	0.721670	0.001140	1.240000	0.622170
5	fl.debias.st.0113.TIC99869022.01.fits	2459317.625569	0.721435	0.001135	1.240000	0.623293
6	fl.debias.st.0115.TIC99869022.01.fits	2459317.626715	0.718938	0.001131	1.240000	0.624439
7	fl.debias.st.0117.TIC99869022.01.fits	2459317.627860	0.718136	0.001127	1.230000	0.625584
8	fl.debias.st.0119.TIC99869022.01.fits	2459317.628971	0.717125	0.001125	1.230000	0.626696
9	fl.debias.st.0121.TIC99869022.01.fits	2459317.630094	0.716617	0.001121	1.230000	0.627818
10	fl.debias.st.0123.TIC99869022.01.fits	2459317.631217	0.719971	0.001128	1.230000	0.628941
11	fl.debias.st.0125.TIC99869022.01.fits	2459317.632328	0.717609	0.001123	1.230000	0.630052
12	fl.debias.st.0127.TIC99869022.01.fits	2459317.633462	0.718007	0.001120	1.220000	0.631186
13	fl.debias.st.0129.TIC99869022.01.fits	2459317.634596	0.717842	0.001121	1.220000	0.632321
14	fl.debias.st.0131.TIC99869022.01.fits	2459317.635719	0.718165	0.001123	1.220000	0.633443
15	fl.debias.st.0133.TIC99869022.01.fits	2459317.636841	0.717922	0.001124	1.220000	0.634566
16	fl.debias.st.0135.TIC99869022.01.fits	2459317.637987	0.717036	0.001121	1.220000	0.635712
17	fl.debias.st.0137.TIC99869022.01.fits	2459317.639133	0.717191	0.001118	1.210000	0.636858
18	fl.debias.st.0139.TIC99869022.01.fits	2459317.640267	0.715719	0.001118	1.210000	0.637992
19	fl.debias.st.0141.TIC99869022.01.fits	2459317.641390	0.718925	0.001120	1.210000	0.639115
20	fl.debias.st.0143.TIC99869022.01.fits	2459317.642524	0.716760	0.001117	1.210000	0.640249
21	fl.debias.st.0145.TIC99869022.01.fits	2459317.643647	0.719302	0.001113	1.210000	0.641372
22	fl.debias.st.0147.TIC99869022.01.fits	2459317.644746	0.719232	0.001112	1.200000	0.642471
23	fl.debias.st.0149.TIC99869022.01.fits	2459317.645880	0.715881	0.001106	1.200000	0.643605
24	fl.debias.st.0151.TIC99869022.01.fits	2459317.646991	0.714624	0.001106	1.200000	0.644716
25	fl.debias.st.0153.TIC99869022.01.fits	2459317.648114	0.715791	0.001107	1.200000	0.645839
26	fl.debias.st.0155.TIC99869022.01.fits	2459317.649248	0.715549	0.001104	1.200000	0.646973
27	fl.debias.st.0157.TIC99869022.01.fits	2459317.650371	0.718690	0.001111	1.200000	0.648096
28	fl.debias.st.0159.TIC99869022.01.fits	2459317.651528	0.719684	0.001118	1.190000	0.649253
29	fl.debias.st.0161.TIC99869022.01.fits	2459317.652674	0.715801	0.001107	1.190000	0.650399
30	fl.debias.st.0163.TIC99869022.01.fits	2459317.653820	0.715175	0.001104	1.190000	0.651545
31	fl.debias.st.0165.TIC99869022.01.fits	2459317.654942	0.716399	0.001103	1.190000	0.652668
32	fl.debias.st.0167.TIC99869022.01.fits	2459317.656030	0.720074	0.001108	1.190000	0.653756
33	fl.debias.st.0169.TIC99869022.01.fits	2459317.657141	0.718238	0.001105	1.190000	0.654867
34	fl.debias.st.0171.TIC99869022.01.fits	2459317.658287	0.719317	0.001105	1.180000	0.656013
35	fl.debias.st.0173.TIC99869022.01.fits	2459317.659398	0.717248	0.001101	1.180000	0.657124
36	fl.debias.st.0175.TIC99869022.01.fits	2459317.660532	0.716800	0.001100	1.180000	0.658258
37	fl.debias.st.0177.TIC99869022.01.fits	2459317.661632	0.719099	0.001103	1.180000	0.659358
38	fl.debias.st.0179.TIC99869022.01.fits	2459317.662743	0.718662	0.001105	1.180000	0.660469
39	fl.debias.st.0181.TIC99869022.01.fits	2459317.663877	0.717628	0.001102	1.180000	0.661603
40	fl.debias.st.0183.TIC99869022.01.fits	2459317.664999	0.719731	0.001104	1.180000	0.662726
41	fl.debias.st.0185.TIC99869022.01.fits	2459317.666134	0.717150	0.001099	1.180000	0.663860
42	fl.debias.st.0187.TIC99869022.01.fits	2459317.667256	0.716091	0.001096	1.170000	0.664983
43	fl.debias.st.0189.TIC99869022.01.fits	2459317.668402	0.717401	0.001094	1.170000	0.666128
44	fl.debias.st.0191.TIC99869022.01.fits	2459317.669502	0.714171	0.001091	1.170000	0.667228
45	fl.debias.st.0193.TIC99869022.01.fits	2459317.670624	0.718367	0.001100	1.170000	0.668351
46	fl.debias.st.0195.TIC99869022.01.fits	2459317.671735	0.717438	0.001100	1.170000	0.669462
47	fl.debias.st.0197.TIC99869022.01.fits	2459317.672869	0.716524	0.001099	1.170000	0.670596
48	fl.debias.st.0199.TIC99869022.01.fits	2459317.673980	0.716648	0.001104	1.170000	0.671707
49	fl.debias.st.0201.TIC99869022.01.fits	2459317.675103	0.715894	0.001102	1.170000	0.672830
50	fl.debias.st.0203.TIC99869022.01.fits	2459317.676237	0.719563	0.001106	1.170000	0.673964
51	fl.debias.st.0205.TIC99869022.01.fits	2459317.677371	0.718369	0.001101	1.170000	0.675098
52	fl.debias.st.0207.TIC99869022.01.fits	2459317.678482	0.713410	0.001094	1.160000	0.676209
53	fl.debias.st.0209.TIC99869022.01.fits	2459317.679594	0.715651	0.001110	1.160000	0.677321
54	fl.debias.st.0211.TIC99869022.01.fits	2459317.680728	0.715822	0.001122	1.160000	0.678455
55	fl.debias.st.0213.TIC99869022.01.fits	2459317.681839	0.716892	0.001112	1.160000	0.679566
56	fl.debias.st.0215.TIC99869022.01.fits	2459317.682973	0.719870	0.001099	1.160000	0.680700
57	fl.debias.st.0217.TIC99869022.01.fits	2459317.684107	0.717329	0.001095	1.160000	0.681834
58	fl.debias.st.0219.TIC99869022.01.fits	2459317.685218	0.717784	0.001098	1.160000	0.682946
59	fl.debias.st.0221.TIC99869022.01.fits	2459317.686364	0.717220	0.001094	1.160000	0.684091
60	fl.debias.st.0223.TIC99869022.01.fits	2459317.687510	0.714031	0.001088	1.160000	0.685237
61	fl.debias.st.0225.TIC99869022.01.fits	2459317.688621	0.718259	0.001094	1.160000	0.686348
62	fl.debias.st.0227.TIC99869022.01.fits	2459317.689720	0.715554	0.001095	1.160000	0.687448
63	fl.debias.st.0229.TIC99869022.01.fits	2459317.690866	0.715514	0.001096	1.160000	0.688594
64	fl.debias.st.0231.TIC99869022.01.fits	2459317.691977	0.717251	0.001096	1.160000	0.689705
65	fl.debias.st.0233.TIC99869022.01.fits	2459317.693088	0.716440	0.001095	1.160000	0.690816
66	fl.debias.st.0235.TIC99869022.01.fits	2459317.694234	0.715982	0.001096	1.150000	0.691962
67	fl.debias.st.0237.TIC99869022.01.fits	2459317.695368	0.715274	0.001097	1.150000	0.693096
68	fl.debias.st.0239.TIC99869022.01.fits	2459317.696491	0.717592	0.001102	1.150000	0.694219
69	fl.debias.st.0241.TIC99869022.01.fits	2459317.697636	0.714392	0.001098	1.150000	0.695365
70	fl.debias.st.0243.TIC99869022.01.fits	2459317.698759	0.714154	0.001099	1.150000	0.696487
71	fl.debias.st.0245.TIC99869022.01.fits	2459317.699870	0.714026	0.001100	1.150000	0.697598
72	fl.debias.st.0247.TIC99869022.01.fits	2459317.701004	0.715274	0.001104	1.150000	0.698733
73	fl.debias.st.0249.TIC99869022.01.fits	2459317.702115	0.715336	0.001108	1.150000	0.699844
74	fl.debias.st.0251.TIC99869022.01.fits	2459317.703238	0.712647	0.001104	1.150000	0.700966
75	fl.debias.st.0253.TIC99869022.01.fits	2459317.704384	0.714600	0.001105	1.150000	0.702112
76	fl.debias.st.0255.TIC99869022.01.fits	2459317.705506	0.717247	0.001110	1.150000	0.703235
77	fl.debias.st.0257.TIC99869022.01.fits	2459317.706617	0.715129	0.001102	1.150000	0.704346
78	fl.debias.st.0259.TIC99869022.01.fits	2459317.707763	0.714402	0.001099	1.150000	0.705492
79	fl.debias.st.0261.TIC99869022.01.fits	2459317.708897	0.712460	0.001095	1.150000	0.706626
80	fl.debias.st.0263.TIC99869022.01.fits	2459317.710020	0.712799	0.001094	1.150000	0.707749
81	fl.debias.st.0265.TIC99869022.01.fits	2459317.711131	0.712789	0.001095	1.150000	0.708860
82	fl.debias.st.0267.TIC99869022.01.fits	2459317.712265	0.715993	0.001099	1.150000	0.709994
83	fl.debias.st.0269.TIC99869022.01.fits	2459317.713411	0.712429	0.001091	1.150000	0.711140
84	fl.debias.st.0271.TIC99869022.01.fits	2459317.714534	0.712762	0.001090	1.150000	0.712263
85	fl.debias.st.0273.TIC99869022.01.fits	2459317.715668	0.709316	0.001087	1.150000	0.713397
86	fl.debias.st.0275.TIC99869022.01.fits	2459317.716802	0.712251	0.001089	1.150000	0.714531
87	fl.debias.st.0277.TIC99869022.01.fits	2459317.717948	0.713292	0.001091	1.150000	0.715677
88	fl.debias.st.0279.TIC99869022.01.fits	2459317.719070	0.713278	0.001087	1.150000	0.716800
89	fl.debias.st.0281.TIC99869022.01.fits	2459317.720216	0.710366	0.001083	1.150000	0.717946
90	fl.debias.st.0283.TIC99869022.01.fits	2459317.721362	0.713859	0.001084	1.150000	0.719091
91	fl.debias.st.0285.TIC99869022.01.fits	2459317.722496	0.711606	0.001081	1.150000	0.720226
92	fl.debias.st.0287.TIC99869022.01.fits	2459317.723607	0.712979	0.001090	1.150000	0.721337
93	fl.debias.st.0289.TIC99869022.01.fits	2459317.724730	0.714998	0.001089	1.150000	0.722459
94	fl.debias.st.0291.TIC99869022.01.fits	2459317.725852	0.712894	0.001083	1.150000	0.723582
95	fl.debias.st.0293.TIC99869022.01.fits	2459317.726975	0.712766	0.001084	1.150000	0.724705
96	fl.debias.st.0295.TIC99869022.01.fits	2459317.728098	0.713121	0.001083	1.150000	0.725828
97	fl.debias.st.0297.TIC99869022.01.fits	2459317.729243	0.711845	0.001079	1.150000	0.726973
98	fl.debias.st.0299.TIC99869022.01.fits	2459317.730378	0.714201	0.001081	1.150000	0.728108
99	fl.debias.st.0301.TIC99869022.01.fits	2459317.731489	0.713075	0.001082	1.150000	0.729219
100	fl.debias.st.0303.TIC99869022.01.fits	2459317.732600	0.712045	0.001078	1.150000	0.730330
101	fl.debias.st.0305.TIC99869022.01.fits	2459317.733734	0.712510	0.001077	1.150000	0.731464
102	fl.debias.st.0307.TIC99869022.01.fits	2459317.734868	0.715068	0.001080	1.160000	0.732598
103	fl.debias.st.0309.TIC99869022.01.fits	2459317.736002	0.713263	0.001076	1.160000	0.733733
104	fl.debias.st.0311.TIC99869022.01.fits	2459317.737136	0.713263	0.001075	1.160000	0.734867
105	fl.debias.st.0313.TIC99869022.01.fits	2459317.738271	0.713514	0.001075	1.160000	0.736001
106	fl.debias.st.0315.TIC99869022.01.fits	2459317.739393	0.712938	0.001074	1.160000	0.737124
107	fl.debias.st.0317.TIC99869022.01.fits	2459317.740493	0.714491	0.001077	1.160000	0.738223
108	fl.debias.st.0319.TIC99869022.01.fits	2459317.741627	0.712053	0.001075	1.160000	0.739358
109	fl.debias.st.0321.TIC99869022.01.fits	2459317.742738	0.711939	0.001075	1.160000	0.740469
110	fl.debias.st.0323.TIC99869022.01.fits	2459317.743872	0.713348	0.001075	1.160000	0.741603
111	fl.debias.st.0325.TIC99869022.01.fits	2459317.745006	0.710482	0.001068	1.160000	0.742737
112	fl.debias.st.0327.TIC99869022.01.fits	2459317.746129	0.713198	0.001074	1.160000	0.743860
113	fl.debias.st.0329.TIC99869022.01.fits	2459317.747240	0.713470	0.001075	1.160000	0.744971
114	fl.debias.st.0331.TIC99869022.01.fits	2459317.748363	0.713325	0.001073	1.160000	0.746094
115	fl.debias.st.0333.TIC99869022.01.fits	2459317.749497	0.713596	0.001075	1.160000	0.747228
116	fl.debias.st.0335.TIC99869022.01.fits	2459317.750608	0.710372	0.001069	1.170000	0.748339
117	fl.debias.st.0337.TIC99869022.01.fits	2459317.751719	0.713174	0.001072	1.170000	0.749450
118	fl.debias.st.0339.TIC99869022.01.fits	2459317.752865	0.711780	0.001075	1.170000	0.750596
119	fl.debias.st.0341.TIC99869022.01.fits	2459317.753987	0.712206	0.001079	1.170000	0.751719
120	fl.debias.st.0343.TIC99869022.01.fits	2459317.755098	0.713096	0.001080	1.170000	0.752830
121	fl.debias.st.0345.TIC99869022.01.fits	2459317.756221	0.714799	0.001085	1.170000	0.753953
122	fl.debias.st.0347.TIC99869022.01.fits	2459317.757367	0.713981	0.001084	1.170000	0.755098
123	fl.debias.st.0349.TIC99869022.01.fits	2459317.758501	0.712689	0.001083	1.170000	0.756233
124	fl.debias.st.0351.TIC99869022.01.fits	2459317.759635	0.713850	0.001087	1.170000	0.757367
125	fl.debias.st.0353.TIC99869022.01.fits	2459317.760746	0.713677	0.001087	1.170000	0.758478
126	fl.debias.st.0355.TIC99869022.01.fits	2459317.761880	0.714919	0.001089	1.180000	0.759612
127	fl.debias.st.0357.TIC99869022.01.fits	2459317.762991	0.713783	0.001091	1.180000	0.760723
128	fl.debias.st.0359.TIC99869022.01.fits	2459317.764137	0.712426	0.001090	1.180000	0.761869
129	fl.debias.st.0361.TIC99869022.01.fits	2459317.765283	0.713038	0.001094	1.180000	0.763015
130	fl.debias.st.0363.TIC99869022.01.fits	2459317.766417	0.711822	0.001091	1.180000	0.764149
131	fl.debias.st.0365.TIC99869022.01.fits	2459317.767528	0.712297	0.001091	1.180000	0.765260
132	fl.debias.st.0367.TIC99869022.01.fits	2459317.768662	0.716166	0.001100	1.180000	0.766395
133	fl.debias.st.0369.TIC99869022.01.fits	2459317.769797	0.713057	0.001098	1.180000	0.767529
134	fl.debias.st.0371.TIC99869022.01.fits	2459317.770931	0.712186	0.001100	1.190000	0.768663
135	fl.debias.st.0373.TIC99869022.01.fits	2459317.772042	0.713498	0.001102	1.190000	0.769774
136	fl.debias.st.0375.TIC99869022.01.fits	2459317.773188	0.713645	0.001099	1.190000	0.770920
137	fl.debias.st.0377.TIC99869022.01.fits	2459317.774299	0.713813	0.001099	1.190000	0.772031
138	fl.debias.st.0379.TIC99869022.01.fits	2459317.775410	0.711787	0.001092	1.190000	0.773142
139	fl.debias.st.0381.TIC99869022.01.fits	2459317.776532	0.713818	0.001100	1.190000	0.774265
140	fl.debias.st.0383.TIC99869022.01.fits	2459317.777655	0.715016	0.001101	1.200000	0.775388
141	fl.debias.st.0385.TIC99869022.01.fits	2459317.778789	0.714018	0.001101	1.200000	0.776522
142	fl.debias.st.0387.TIC99869022.01.fits	2459317.779900	0.713759	0.001096	1.200000	0.777633
143	fl.debias.st.0389.TIC99869022.01.fits	2459317.781023	0.712945	0.001096	1.200000	0.778756
144	fl.debias.st.0391.TIC99869022.01.fits	2459317.782169	0.715096	0.001099	1.200000	0.779902
145	fl.debias.st.0393.TIC99869022.01.fits	2459317.783268	0.714706	0.001104	1.200000	0.781001
146	fl.debias.st.0395.TIC99869022.01.fits	2459317.784391	0.716237	0.001111	1.210000	0.782124
147	fl.debias.st.0397.TIC99869022.01.fits	2459317.785536	0.713996	0.001104	1.210000	0.783270
148	fl.debias.st.0399.TIC99869022.01.fits	2459317.786647	0.714496	0.001104	1.210000	0.784381
149	fl.debias.st.0401.TIC99869022.01.fits	2459317.787770	0.714569	0.001100	1.210000	0.785503
150	fl.debias.st.0403.TIC99869022.01.fits	2459317.788916	0.715343	0.001102	1.210000	0.786649
151	fl.debias.st.0405.TIC99869022.01.fits	2459317.790038	0.713990	0.001101	1.220000	0.787772
152	fl.debias.st.0407.TIC99869022.01.fits	2459317.791196	0.714692	0.001104	1.220000	0.788929
153	fl.debias.st.0409.TIC99869022.01.fits	2459317.792307	0.716010	0.001110	1.220000	0.790041
154	fl.debias.st.0411.TIC99869022.01.fits	2459317.793441	0.718081	0.001118	1.220000	0.791175
155	fl.debias.st.0413.TIC99869022.01.fits	2459317.794552	0.713193	0.001109	1.220000	0.792286
156	fl.debias.st.0415.TIC99869022.01.fits	2459317.795675	0.713235	0.001106	1.230000	0.793409
157	fl.debias.st.0417.TIC99869022.01.fits	2459317.796809	0.713772	0.001106	1.230000	0.794543
158	fl.debias.st.0419.TIC99869022.01.fits	2459317.797920	0.714417	0.001114	1.230000	0.795654
159	fl.debias.st.0421.TIC99869022.01.fits	2459317.799031	0.713330	0.001121	1.230000	0.796765
160	fl.debias.st.0423.TIC99869022.01.fits	2459317.800177	0.715845	0.001128	1.230000	0.797911
161	fl.debias.st.0425.TIC99869022.01.fits	2459317.801288	0.714162	0.001120	1.240000	0.799022
162	fl.debias.st.0427.TIC99869022.01.fits	2459317.802410	0.716599	0.001125	1.240000	0.800145
163	fl.debias.st.0429.TIC99869022.01.fits	2459317.803545	0.714461	0.001120	1.240000	0.801279
164	fl.debias.st.0431.TIC99869022.01.fits	2459317.804667	0.712975	0.001108	1.240000	0.802402
165	fl.debias.st.0433.TIC99869022.01.fits	2459317.805801	0.714869	0.001109	1.250000	0.803536
166	fl.debias.st.0435.TIC99869022.01.fits	2459317.806901	0.712950	0.001105	1.250000	0.804635
167	fl.debias.st.0437.TIC99869022.01.fits	2459317.808023	0.713514	0.001107	1.250000	0.805758
168	fl.debias.st.0439.TIC99869022.01.fits	2459317.809158	0.713659	0.001105	1.250000	0.806892
169	fl.debias.st.0441.TIC99869022.01.fits	2459317.810269	0.713752	0.001104	1.260000	0.808003
170	fl.debias.st.0443.TIC99869022.01.fits	2459317.811380	0.714848	0.001104	1.260000	0.809115
171	fl.debias.st.0445.TIC99869022.01.fits	2459317.812491	0.711289	0.001098	1.260000	0.810226
172	fl.debias.st.0447.TIC99869022.01.fits	2459317.813602	0.712620	0.001099	1.260000	0.811337
173	fl.debias.st.0449.TIC99869022.01.fits	2459317.814713	0.715973	0.001107	1.270000	0.812448
174	fl.debias.st.0451.TIC99869022.01.fits	2459317.815859	0.711882	0.001100	1.270000	0.813594
175	fl.debias.st.0453.TIC99869022.01.fits	2459317.816970	0.714017	0.001099	1.270000	0.814705
176	fl.debias.st.0455.TIC99869022.01.fits	2459317.818104	0.714479	0.001098	1.280000	0.815839
177	fl.debias.st.0457.TIC99869022.01.fits	2459317.819227	0.712930	0.001094	1.280000	0.816962
178	fl.debias.st.0459.TIC99869022.01.fits	2459317.820326	0.716916	0.001103	1.280000	0.818061
179	fl.debias.st.0461.TIC99869022.01.fits	2459317.821460	0.712333	0.001098	1.280000	0.819196
180	fl.debias.st.0463.TIC99869022.01.fits	2459317.822594	0.715134	0.001105	1.290000	0.820330
181	fl.debias.st.0465.TIC99869022.01.fits	2459317.823740	0.714735	0.001103	1.290000	0.821476
182	fl.debias.st.0467.TIC99869022.01.fits	2459317.824874	0.712090	0.001097	1.290000	0.822610
183	fl.debias.st.0469.TIC99869022.01.fits	2459317.826020	0.713156	0.001102	1.300000	0.823756
184	fl.debias.st.0471.TIC99869022.01.fits	2459317.827120	0.712036	0.001110	1.300000	0.824855
185	fl.debias.st.0473.TIC99869022.01.fits	2459317.828231	0.715523	0.001109	1.300000	0.825966
186	fl.debias.st.0475.TIC99869022.01.fits	2459317.829376	0.713382	0.001103	1.310000	0.827112
187	fl.debias.st.0477.TIC99869022.01.fits	2459317.830487	0.716641	0.001111	1.310000	0.828223
188	fl.debias.st.0479.TIC99869022.01.fits	2459317.831598	0.714864	0.001108	1.310000	0.829334
189	fl.debias.st.0481.TIC99869022.01.fits	2459317.832710	0.713653	0.001108	1.320000	0.830446
190	fl.debias.st.0483.TIC99869022.01.fits	2459317.833844	0.714460	0.001110	1.320000	0.831580
191	fl.debias.st.0485.TIC99869022.01.fits	2459317.834955	0.715886	0.001105	1.320000	0.832691
192	fl.debias.st.0487.TIC99869022.01.fits	2459317.836077	0.714246	0.001104	1.330000	0.833814
193	fl.debias.st.0489.TIC99869022.01.fits	2459317.837212	0.713080	0.001102	1.330000	0.834948
194	fl.debias.st.0491.TIC99869022.01.fits	2459317.838311	0.713793	0.001106	1.330000	0.836047
195	fl.debias.st.0493.TIC99869022.01.fits	2459317.839434	0.712553	0.001107	1.340000	0.837170
196	fl.debias.st.0495.TIC99869022.01.fits	2459317.840579	0.713981	0.001107	1.340000	0.838316
