#	Label	BJD_TDB	rel_flux_T1	rel_flux_err_T1	AIR	JD_UTC
1	fl.debias.st.0160.TIC99869022.01.fits	2459258.847284	0.548678	0.000811	1.160000	0.842818
2	fl.debias.st.0162.TIC99869022.01.fits	2459258.848510	0.546308	0.000807	1.160000	0.844045
3	fl.debias.st.0164.TIC99869022.01.fits	2459258.849749	0.548948	0.000809	1.160000	0.845284
4	fl.debias.st.0166.TIC99869022.01.fits	2459258.850964	0.547274	0.000806	1.160000	0.846499
5	fl.debias.st.0168.TIC99869022.01.fits	2459258.852202	0.547253	0.000807	1.160000	0.847737
6	fl.debias.st.0170.TIC99869022.01.fits	2459258.853406	0.545895	0.000806	1.160000	0.848941
7	fl.debias.st.0172.TIC99869022.01.fits	2459258.854645	0.548165	0.000807	1.160000	0.850179
8	fl.debias.st.0174.TIC99869022.01.fits	2459258.855860	0.547588	0.000808	1.160000	0.851395
9	fl.debias.st.0176.TIC99869022.01.fits	2459258.857087	0.547355	0.000807	1.160000	0.852622
10	fl.debias.st.0178.TIC99869022.01.fits	2459258.858290	0.547175	0.000806	1.150000	0.853825
11	fl.debias.st.0180.TIC99869022.01.fits	2459258.859506	0.548645	0.000808	1.150000	0.855041
12	fl.debias.st.0182.TIC99869022.01.fits	2459258.860744	0.545939	0.000805	1.150000	0.856279
13	fl.debias.st.0184.TIC99869022.01.fits	2459258.861959	0.547960	0.000807	1.150000	0.857494
14	fl.debias.st.0186.TIC99869022.01.fits	2459258.863163	0.549983	0.000808	1.150000	0.858698
15	fl.debias.st.0188.TIC99869022.01.fits	2459258.864390	0.546887	0.000804	1.150000	0.859925
16	fl.debias.st.0190.TIC99869022.01.fits	2459258.865617	0.549692	0.000808	1.150000	0.861152
17	fl.debias.st.0192.TIC99869022.01.fits	2459258.866820	0.548416	0.000805	1.150000	0.862355
18	fl.debias.st.0194.TIC99869022.01.fits	2459258.868036	0.548257	0.000803	1.150000	0.863571
19	fl.debias.st.0196.TIC99869022.01.fits	2459258.869274	0.548059	0.000804	1.150000	0.864809
20	fl.debias.st.0198.TIC99869022.01.fits	2459258.870478	0.548143	0.000805	1.150000	0.866013
21	fl.debias.st.0200.TIC99869022.01.fits	2459258.871681	0.548342	0.000804	1.150000	0.867216
22	fl.debias.st.0202.TIC99869022.01.fits	2459258.872897	0.548877	0.000805	1.150000	0.868432
23	fl.debias.st.0204.TIC99869022.01.fits	2459258.874135	0.548918	0.000806	1.150000	0.869670
24	fl.debias.st.0206.TIC99869022.01.fits	2459258.875327	0.548901	0.000806	1.150000	0.870862
25	fl.debias.st.0208.TIC99869022.01.fits	2459258.876531	0.546935	0.000804	1.150000	0.872066
26	fl.debias.st.0210.TIC99869022.01.fits	2459258.877781	0.548300	0.000805	1.150000	0.873316
27	fl.debias.st.0212.TIC99869022.01.fits	2459258.878996	0.548593	0.000804	1.150000	0.874531
28	fl.debias.st.0214.TIC99869022.01.fits	2459258.880235	0.549361	0.000806	1.150000	0.875770
29	fl.debias.st.0216.TIC99869022.01.fits	2459258.881450	0.546409	0.000804	1.150000	0.876985
30	fl.debias.st.0218.TIC99869022.01.fits	2459258.882688	0.546832	0.000803	1.150000	0.878223
31	fl.debias.st.0220.TIC99869022.01.fits	2459258.883904	0.549032	0.000806	1.150000	0.879439
32	fl.debias.st.0222.TIC99869022.01.fits	2459258.885130	0.547405	0.000803	1.150000	0.880666
33	fl.debias.st.0224.TIC99869022.01.fits	2459258.886346	0.545904	0.000801	1.150000	0.881881
34	fl.debias.st.0226.TIC99869022.01.fits	2459258.887596	0.546504	0.000803	1.150000	0.883131
35	fl.debias.st.0228.TIC99869022.01.fits	2459258.888799	0.545813	0.000801	1.150000	0.884334
36	fl.debias.st.0230.TIC99869022.01.fits	2459258.890049	0.547655	0.000804	1.150000	0.885584
37	fl.debias.st.0232.TIC99869022.01.fits	2459258.891253	0.547409	0.000804	1.150000	0.886788
38	fl.debias.st.0234.TIC99869022.01.fits	2459258.892503	0.547654	0.000803	1.150000	0.888038
39	fl.debias.st.0236.TIC99869022.01.fits	2459258.893707	0.548319	0.000806	1.150000	0.889242
40	fl.debias.st.0238.TIC99869022.01.fits	2459258.894922	0.549819	0.000807	1.150000	0.890457
41	fl.debias.st.0240.TIC99869022.01.fits	2459258.896160	0.547926	0.000804	1.150000	0.891696
42	fl.debias.st.0242.TIC99869022.01.fits	2459258.897376	0.548475	0.000805	1.150000	0.892911
43	fl.debias.st.0244.TIC99869022.01.fits	2459258.898591	0.545863	0.000800	1.160000	0.894126
44	fl.debias.st.0246.TIC99869022.01.fits	2459258.899818	0.548028	0.000803	1.160000	0.895353
45	fl.debias.st.0248.TIC99869022.01.fits	2459258.901010	0.548595	0.000805	1.160000	0.896545
46	fl.debias.st.0250.TIC99869022.01.fits	2459258.902225	0.548037	0.000804	1.160000	0.897760
47	fl.debias.st.0252.TIC99869022.01.fits	2459258.903429	0.548498	0.000804	1.160000	0.898964
48	fl.debias.st.0254.TIC99869022.01.fits	2459258.904621	0.547858	0.000803	1.160000	0.900156
49	fl.debias.st.0256.TIC99869022.01.fits	2459258.905836	0.549402	0.000808	1.160000	0.901372
50	fl.debias.st.0258.TIC99869022.01.fits	2459258.907051	0.547891	0.000805	1.160000	0.902587
51	fl.debias.st.0260.TIC99869022.01.fits	2459258.908267	0.549240	0.000806	1.160000	0.903802
52	fl.debias.st.0262.TIC99869022.01.fits	2459258.909459	0.546421	0.000803	1.160000	0.904994
53	fl.debias.st.0264.TIC99869022.01.fits	2459258.910674	0.547385	0.000803	1.160000	0.906209
54	fl.debias.st.0266.TIC99869022.01.fits	2459258.911866	0.547713	0.000804	1.160000	0.907402
55	fl.debias.st.0268.TIC99869022.01.fits	2459258.913082	0.547539	0.000805	1.160000	0.908617
56	fl.debias.st.0270.TIC99869022.01.fits	2459258.914308	0.548529	0.000806	1.170000	0.909844
57	fl.debias.st.0272.TIC99869022.01.fits	2459258.915512	0.549395	0.000807	1.170000	0.911047
58	fl.debias.st.0274.TIC99869022.01.fits	2459258.916727	0.547994	0.000805	1.170000	0.912263
59	fl.debias.st.0276.TIC99869022.01.fits	2459258.917943	0.545962	0.000804	1.170000	0.913478
60	fl.debias.st.0278.TIC99869022.01.fits	2459258.919181	0.547287	0.000805	1.170000	0.914716
61	fl.debias.st.0280.TIC99869022.01.fits	2459258.920396	0.548928	0.000807	1.170000	0.915932
62	fl.debias.st.0282.TIC99869022.01.fits	2459258.921623	0.548717	0.000805	1.170000	0.917159
63	fl.debias.st.0284.TIC99869022.01.fits	2459258.922804	0.548859	0.000806	1.170000	0.918339
64	fl.debias.st.0286.TIC99869022.01.fits	2459258.924019	0.548151	0.000805	1.170000	0.919554
65	fl.debias.st.0288.TIC99869022.01.fits	2459258.925223	0.548205	0.000804	1.180000	0.920758
66	fl.debias.st.0290.TIC99869022.01.fits	2459258.926449	0.549941	0.000807	1.180000	0.921985
67	fl.debias.st.0292.TIC99869022.01.fits	2459258.927676	0.549679	0.000807	1.180000	0.923212
68	fl.debias.st.0294.TIC99869022.01.fits	2459258.928903	0.550014	0.000807	1.180000	0.924439
69	fl.debias.st.0296.TIC99869022.01.fits	2459258.930130	0.549329	0.000806	1.180000	0.925666
70	fl.debias.st.0298.TIC99869022.01.fits	2459258.931334	0.549586	0.000806	1.180000	0.926869
71	fl.debias.st.0300.TIC99869022.01.fits	2459258.932537	0.548807	0.000807	1.180000	0.928073
72	fl.debias.st.0302.TIC99869022.01.fits	2459258.933753	0.547810	0.000807	1.190000	0.929288
73	fl.debias.st.0304.TIC99869022.01.fits	2459258.934979	0.546122	0.000804	1.190000	0.930515
74	fl.debias.st.0306.TIC99869022.01.fits	2459258.936206	0.547099	0.000806	1.190000	0.931742
75	fl.debias.st.0308.TIC99869022.01.fits	2459258.937433	0.548843	0.000807	1.190000	0.932969
76	fl.debias.st.0310.TIC99869022.01.fits	2459258.938660	0.546984	0.000806	1.190000	0.934196
77	fl.debias.st.0312.TIC99869022.01.fits	2459258.939875	0.547274	0.000807	1.190000	0.935411
78	fl.debias.st.0314.TIC99869022.01.fits	2459258.941102	0.550390	0.000811	1.200000	0.936638
79	fl.debias.st.0316.TIC99869022.01.fits	2459258.942317	0.547968	0.000809	1.200000	0.937853
80	fl.debias.st.0318.TIC99869022.01.fits	2459258.943544	0.547595	0.000809	1.200000	0.939080
81	fl.debias.st.0320.TIC99869022.01.fits	2459258.944759	0.548701	0.000808	1.200000	0.940295
82	fl.debias.st.0322.TIC99869022.01.fits	2459258.946114	0.549119	0.000809	1.200000	0.941649
83	fl.debias.st.0324.TIC99869022.01.fits	2459258.947329	0.547644	0.000805	1.210000	0.942865
84	fl.debias.st.0326.TIC99869022.01.fits	2459258.948556	0.549550	0.000809	1.210000	0.944091
85	fl.debias.st.0328.TIC99869022.01.fits	2459258.949759	0.550085	0.000810	1.210000	0.945295
86	fl.debias.st.0330.TIC99869022.01.fits	2459258.950963	0.548293	0.000809	1.210000	0.946499
87	fl.debias.st.0332.TIC99869022.01.fits	2459258.952178	0.548051	0.000809	1.210000	0.947714
88	fl.debias.st.0334.TIC99869022.01.fits	2459258.953405	0.548492	0.000808	1.220000	0.948941
89	fl.debias.st.0336.TIC99869022.01.fits	2459258.954632	0.547277	0.000806	1.220000	0.950168
90	fl.debias.st.0338.TIC99869022.01.fits	2459258.955824	0.547106	0.000808	1.220000	0.951360
91	fl.debias.st.0340.TIC99869022.01.fits	2459258.957039	0.547823	0.000808	1.220000	0.952575
92	fl.debias.st.0342.TIC99869022.01.fits	2459258.958255	0.540599	0.000798	1.220000	0.953791
93	fl.debias.st.0344.TIC99869022.01.fits	2459258.959505	0.548049	0.000809	1.230000	0.955041
94	fl.debias.st.0346.TIC99869022.01.fits	2459258.960732	0.549024	0.000810	1.230000	0.956267
95	fl.debias.st.0348.TIC99869022.01.fits	2459258.961947	0.546754	0.000808	1.230000	0.957483
96	fl.debias.st.0350.TIC99869022.01.fits	2459258.963151	0.547606	0.000809	1.230000	0.958686
97	fl.debias.st.0352.TIC99869022.01.fits	2459258.964377	0.550082	0.000813	1.240000	0.959913
98	fl.debias.st.0354.TIC99869022.01.fits	2459258.965604	0.546664	0.000807	1.240000	0.961140
99	fl.debias.st.0356.TIC99869022.01.fits	2459258.966808	0.546848	0.000808	1.240000	0.962344
100	fl.debias.st.0358.TIC99869022.01.fits	2459258.968012	0.547790	0.000809	1.240000	0.963547
101	fl.debias.st.0360.TIC99869022.01.fits	2459258.969204	0.550196	0.000811	1.250000	0.964740
102	fl.debias.st.0362.TIC99869022.01.fits	2459258.970407	0.548050	0.000811	1.250000	0.965943
103	fl.debias.st.0364.TIC99869022.01.fits	2459258.971634	0.545715	0.000807	1.250000	0.967170
104	fl.debias.st.0366.TIC99869022.01.fits	2459258.972873	0.546983	0.000809	1.250000	0.968409
105	fl.debias.st.0368.TIC99869022.01.fits	2459258.974076	0.545678	0.000810	1.260000	0.969612
106	fl.debias.st.0370.TIC99869022.01.fits	2459258.975292	0.546973	0.000811	1.260000	0.970828
107	fl.debias.st.0372.TIC99869022.01.fits	2459258.976507	0.547440	0.000812	1.260000	0.972043
108	fl.debias.st.0374.TIC99869022.01.fits	2459258.977734	0.544703	0.000811	1.270000	0.973270
109	fl.debias.st.0376.TIC99869022.01.fits	2459258.978926	0.546042	0.000812	1.270000	0.974462
110	fl.debias.st.0378.TIC99869022.01.fits	2459258.980130	0.546062	0.000812	1.270000	0.975666
111	fl.debias.st.0380.TIC99869022.01.fits	2459258.981380	0.546772	0.000812	1.280000	0.976916
112	fl.debias.st.0382.TIC99869022.01.fits	2459258.982583	0.546483	0.000812	1.280000	0.978119
113	fl.debias.st.0384.TIC99869022.01.fits	2459258.983798	0.545696	0.000812	1.280000	0.979334
114	fl.debias.st.0386.TIC99869022.01.fits	2459258.985014	0.547231	0.000814	1.290000	0.980550
115	fl.debias.st.0388.TIC99869022.01.fits	2459258.986252	0.546080	0.000815	1.290000	0.981788
116	fl.debias.st.0390.TIC99869022.01.fits	2459258.987456	0.547944	0.000818	1.290000	0.982992
117	fl.debias.st.0392.TIC99869022.01.fits	2459258.988660	0.547463	0.000818	1.300000	0.984196
118	fl.debias.st.0394.TIC99869022.01.fits	2459258.989875	0.547341	0.000817	1.300000	0.985411
119	fl.debias.st.0396.TIC99869022.01.fits	2459258.991079	0.547870	0.000816	1.300000	0.986615
120	fl.debias.st.0398.TIC99869022.01.fits	2459258.992282	0.546695	0.000813	1.310000	0.987818
121	fl.debias.st.0400.TIC99869022.01.fits	2459258.993532	0.545769	0.000813	1.310000	0.989068
122	fl.debias.st.0402.TIC99869022.01.fits	2459258.994771	0.547562	0.000815	1.310000	0.990307
123	fl.debias.st.0404.TIC99869022.01.fits	2459258.996021	0.546246	0.000814	1.320000	0.991557
124	fl.debias.st.0406.TIC99869022.01.fits	2459258.997247	0.550346	0.000820	1.320000	0.992784
125	fl.debias.st.0408.TIC99869022.01.fits	2459258.998474	0.547666	0.000818	1.320000	0.994010
126	fl.debias.st.0410.TIC99869022.01.fits	2459258.999701	0.548145	0.000819	1.330000	0.995237
127	fl.debias.st.0412.TIC99869022.01.fits	2459259.000905	0.549079	0.000821	1.330000	0.996441
128	fl.debias.st.0414.TIC99869022.01.fits	2459259.002120	0.546945	0.000819	1.340000	0.997656
129	fl.debias.st.0416.TIC99869022.01.fits	2459259.003358	0.546854	0.000818	1.340000	0.998895
130	fl.debias.st.0418.TIC99869022.01.fits	2459259.004562	0.547289	0.000820	1.340000	1.000098
131	fl.debias.st.0420.TIC99869022.01.fits	2459259.005801	0.548037	0.000822	1.350000	1.001337
132	fl.debias.st.0422.TIC99869022.01.fits	2459259.007016	0.547049	0.000821	1.350000	1.002552
133	fl.debias.st.0424.TIC99869022.01.fits	2459259.008266	0.548211	0.000824	1.360000	1.003802
134	fl.debias.st.0426.TIC99869022.01.fits	2459259.009470	0.547182	0.000822	1.360000	1.005006
135	fl.debias.st.0428.TIC99869022.01.fits	2459259.010696	0.547577	0.000823	1.370000	1.006233
136	fl.debias.st.0430.TIC99869022.01.fits	2459259.011912	0.540183	0.000813	1.370000	1.007448
137	fl.debias.st.0432.TIC99869022.01.fits	2459259.013335	0.547456	0.000826	1.380000	1.008872
138	fl.debias.st.0434.TIC99869022.01.fits	2459259.014551	0.546923	0.000823	1.380000	1.010087
139	fl.debias.st.0436.TIC99869022.01.fits	2459259.015743	0.547699	0.000825	1.380000	1.011279
140	fl.debias.st.0438.TIC99869022.01.fits	2459259.016958	0.549031	0.000827	1.390000	1.012494
141	fl.debias.st.0440.TIC99869022.01.fits	2459259.018196	0.547422	0.000825	1.390000	1.013733
142	fl.debias.st.0442.TIC99869022.01.fits	2459259.019412	0.546509	0.000826	1.400000	1.014948
143	fl.debias.st.0444.TIC99869022.01.fits	2459259.020650	0.547181	0.000829	1.400000	1.016186
144	fl.debias.st.0446.TIC99869022.01.fits	2459259.021865	0.548358	0.000830	1.410000	1.017402
145	fl.debias.st.0448.TIC99869022.01.fits	2459259.023115	0.549204	0.000832	1.410000	1.018652
146	fl.debias.st.0450.TIC99869022.01.fits	2459259.024319	0.547485	0.000827	1.420000	1.019855
147	fl.debias.st.0452.TIC99869022.01.fits	2459259.025569	0.545732	0.000827	1.420000	1.021105
148	fl.debias.st.0454.TIC99869022.01.fits	2459259.026784	0.549921	0.000833	1.430000	1.022321
149	fl.debias.st.0456.TIC99869022.01.fits	2459259.028023	0.548321	0.000830	1.430000	1.023559
150	fl.debias.st.0458.TIC99869022.01.fits	2459259.029261	0.546771	0.000830	1.440000	1.024797
151	fl.debias.st.0460.TIC99869022.01.fits	2459259.030488	0.546303	0.000829	1.440000	1.026024
152	fl.debias.st.0462.TIC99869022.01.fits	2459259.031703	0.548527	0.000832	1.450000	1.027240
153	fl.debias.st.0464.TIC99869022.01.fits	2459259.032942	0.548439	0.000834	1.460000	1.028478
154	fl.debias.st.0466.TIC99869022.01.fits	2459259.034157	0.547869	0.000833	1.460000	1.029693
155	fl.debias.st.0468.TIC99869022.01.fits	2459259.035395	0.548844	0.000837	1.470000	1.030932
156	fl.debias.st.0470.TIC99869022.01.fits	2459259.036611	0.550656	0.000839	1.470000	1.032147
157	fl.debias.st.0472.TIC99869022.01.fits	2459259.037849	0.547823	0.000839	1.480000	1.033385
158	fl.debias.st.0474.TIC99869022.01.fits	2459259.039053	0.548638	0.000839	1.480000	1.034589
159	fl.debias.st.0476.TIC99869022.01.fits	2459259.040256	0.548682	0.000842	1.490000	1.035793
160	fl.debias.st.0478.TIC99869022.01.fits	2459259.041460	0.547975	0.000845	1.500000	1.036997
161	fl.debias.st.0480.TIC99869022.01.fits	2459259.042675	0.549496	0.000850	1.500000	1.038212
162	fl.debias.st.0482.TIC99869022.01.fits	2459259.043914	0.550118	0.000858	1.510000	1.039450
163	fl.debias.st.0484.TIC99869022.01.fits	2459259.045117	0.548366	0.000864	1.520000	1.040654
164	fl.debias.st.0486.TIC99869022.01.fits	2459259.046367	0.547782	0.000875	1.520000	1.041904
165	fl.debias.st.0488.TIC99869022.01.fits	2459259.047571	0.548389	0.000892	1.530000	1.043108
166	fl.debias.st.0490.TIC99869022.01.fits	2459259.048775	0.547780	0.000914	1.530000	1.044311
167	fl.debias.st.0492.TIC99869022.01.fits	2459259.049978	0.551622	0.001000	1.540000	1.045515
168	fl.debias.st.0494.TIC99869022.01.fits	2459259.051194	0.545487	0.001148	1.550000	1.046730
169	fl.debias.st.0496.TIC99869022.01.fits	2459259.052444	0.545461	0.001275	1.550000	1.047980
170	fl.debias.st.0498.TIC99869022.01.fits	2459259.053636	0.547362	0.001441	1.560000	1.049172
