2458897.5300377007 1.00831223 0.00749501
2458897.5301423883 1.00186630 0.00749501
2458897.5302472701 0.99382188 0.00749501
2458897.5303521454 0.99655968 0.00749501
2458897.5304571204 1.00932075 0.00749501
2458897.5305620208 1.00091832 0.00749501
2458897.5306667783 1.00514792 0.00749501
2458897.5307715815 1.01478090 0.00749501
2458897.5308763674 1.00896231 0.00749501
2458897.5309815584 1.00283002 0.00749501
2458897.5310863373 0.99701143 0.00749501
2458897.5311913858 0.99779577 0.00749501
2458897.5312961768 0.99726270 0.00749501
2458897.5314012296 1.00338685 0.00749501
2458897.5315063233 1.00557381 0.00749501
2458897.5316110747 1.00173774 0.00749501
2458897.5317160268 0.99994197 0.00749501
2458897.5318214823 1.00106698 0.00749501
2458897.5319262920 0.99901612 0.00749501
2458897.5320308623 1.00505516 0.00749501
2458897.5321357651 1.00430605 0.00749501
2458897.5322406478 1.00414098 0.00749501
2458897.5323454179 0.99741534 0.00749501
2458897.5324502392 1.00650257 0.00749501
2458897.5325549385 1.00056425 0.00749501
2458897.5326596852 0.99472491 0.00749501
2458897.5327643957 1.00482241 0.00749501
2458897.5328692687 1.01109612 0.00749501
2458897.5329740224 1.01227228 0.00749501
2458897.5330790016 1.00881788 0.00749501
2458897.5331838746 1.00172015 0.00749501
2458897.5332887881 1.00299890 0.00749501
2458897.5333939800 1.00523898 0.00749501
2458897.5334987976 0.98441908 0.00749501
2458897.5336045874 0.98214476 0.00749501
2458897.5337098725 0.99070006 0.00749501
2458897.5338148004 0.98924860 0.00749501
2458897.5339204073 0.98649902 0.00749501
2458897.5340256160 0.99720172 0.00749501
2458897.5341305290 1.00250600 0.00749501
2458897.5342353638 0.99108192 0.00749501
2458897.5343401134 0.98495765 0.00749501
2458897.5344449952 0.99241173 0.00749501
2458897.5345501211 0.99677183 0.00749501
2458897.5346551174 1.00555204 0.00749501
2458897.5347605939 0.98078893 0.00749501
2458897.5348653537 0.97825652 0.00749501
2458897.5349703152 0.97731345 0.00749501
2458897.5350749292 0.97539596 0.00749501
2458897.5351794376 0.97616016 0.00749501
2458897.5352842626 0.99102329 0.00749501
2458897.5353889223 1.00339928 0.00749501
2458897.5354937697 1.00602381 0.00749501
2458897.5355984899 1.00451247 0.00749501
2458897.5357035655 0.99774250 0.00749501
2458897.5358084110 0.99629392 0.00749501
2458897.5359130595 1.00289016 0.00749501
2458897.5360177732 1.01101912 0.00749501
2458897.5361227999 1.00800650 0.00749501
2458897.5362274572 1.00559075 0.00749501
2458897.5363321076 1.01079077 0.00749501
2458897.5364367552 1.00682263 0.00749501
2458897.5365412766 0.99997401 0.00749501
2458897.5366461664 1.00043492 0.00749501
2458897.5367512605 1.00917868 0.00749501
2458897.5368562578 1.00251949 0.00749501
2458897.5369609473 1.00398773 0.00749501
2458897.5370660606 1.00664088 0.00749501
2458897.5371709862 1.00450067 0.00749501
2458897.5372757479 0.99690257 0.00749501
2458897.5373804397 0.99750076 0.00749501
2458897.5374850780 1.01307311 0.00749501
2458897.5375900110 1.01326114 0.00749501
2458897.5376947168 1.00706602 0.00749501
2458897.5378000517 1.00813571 0.00749501
2458897.5379051073 0.99385468 0.00749501
2458897.5380097316 1.00324810 0.00749501
2458897.5381144569 0.99307830 0.00749501
2458897.5382192037 0.98995859 0.00749501
2458897.5383241535 0.98008977 0.00749501
2458897.5384288137 0.99023045 0.00749501
2458897.5385334007 1.00537276 0.00749501
2458897.5386380609 0.99216018 0.00749501
2458897.5387431728 0.99320989 0.00749501
2458897.5388483210 0.98601982 0.00749501
2458897.5389536163 0.99097276 0.00749501
2458897.5390590630 0.99453891 0.00749501
2458897.5391639923 0.99669341 0.00749501
2458897.5392688601 0.99734807 0.00749501
2458897.5393742691 1.00740073 0.00749501
2458897.5394791635 0.99162184 0.00749501
2458897.5395846339 0.99289863 0.00749501
2458897.5396898552 0.99694678 0.00749501
2458897.5397950471 1.00454934 0.00749501
2458897.5399000505 1.01173913 0.00749501
2458897.5400047628 1.01179489 0.00749501
2458897.5401096153 1.01378839 0.00749501
2458897.5402143216 1.02386672 0.00749501
2458897.5403194665 1.01662047 0.00749501
2458897.5404241099 1.00369533 0.00749501
2458897.5405288357 1.00977405 0.00749501
2458897.5406334964 1.00598642 0.00749501
2458897.5407381481 0.99817837 0.00749501
2458897.5408432027 1.01206229 0.00749501
2458897.5409478438 0.98587838 0.00749501
2458897.5410525445 0.99322778 0.00749501
2458897.5411575045 0.99654727 0.00749501
2458897.5412621261 0.99910611 0.00749501
2458897.5413668379 0.99522844 0.00749501
2458897.5414722003 1.00515542 0.00749501
2458897.5415768707 1.00365756 0.00749501
2458897.5416814308 1.00109163 0.00749501
2458897.5417862455 0.99620117 0.00749501
2458897.5418908792 1.00305814 0.00749501
2458897.5419958918 0.98717389 0.00749501
2458897.5421006037 0.99903703 0.00749501
2458897.5422053719 1.00137246 0.00749501
2458897.5423099240 0.99731650 0.00749501
2458897.5424146620 1.00031968 0.00749501
2458897.5425193179 0.98757158 0.00749501
2458897.5426242487 0.98108043 0.00749501
2458897.5427289465 0.98326114 0.00749501
2458897.5428335899 0.98522587 0.00749501
2458897.5429382473 1.00375709 0.00749501
2458897.5430429196 1.00238058 0.00749501
2458897.5431474834 1.00931541 0.00749501
2458897.5432519997 0.99729450 0.00749501
2458897.5433564861 1.00598285 0.00749501
2458897.5434618089 1.00116131 0.00749501
2458897.5435668863 0.99604120 0.00749501
2458897.5436717253 1.00812042 0.00749501
2458897.5437762449 1.00132727 0.00749501
2458897.5438809134 1.00907108 0.00749501
2458897.5439856015 1.01218109 0.00749501
2458897.5440905201 1.01331792 0.00749501
2458897.5441952427 1.00376370 0.00749501
2458897.5442999741 1.00037734 0.00749501
2458897.5444043782 1.00341690 0.00749501
2458897.5445090286 1.00765761 0.00749501
2458897.5446136021 1.00287831 0.00749501
2458897.5447182199 1.00762693 0.00749501
2458897.5448227911 0.99058465 0.00749501
2458897.5449273512 0.98970842 0.00749501
2458897.5450319257 0.99399997 0.00749501
2458897.5451366347 1.01048645 0.00749501
2458897.5452415305 0.99645158 0.00749501
2458897.5453460836 1.00785609 0.00749501
2458897.5454507223 1.01068025 0.00749501
2458897.5455552586 0.99581084 0.00749501
2458897.5456599044 0.99021981 0.00749501
2458897.5457645417 0.99597663 0.00749501
2458897.5458692466 0.99915651 0.00749501
2458897.5459745908 0.98942615 0.00749501
2458897.5460792766 1.01257328 0.00749501
2458897.5461839652 1.00973325 0.00749501
2458897.5462885969 1.00271715 0.00749501
2458897.5463932888 0.99875163 0.00749501
2458897.5464980323 0.99892355 0.00749501
2458897.5466026929 0.99068613 0.00749501
2458897.5467074281 0.97374106 0.00749501
2458897.5468120663 0.98138461 0.00749501
2458897.5469166082 0.99004080 0.00749501
2458897.5470212637 1.00402529 0.00749501
2458897.5471259309 1.01234444 0.00749501
2458897.5472305268 1.00070512 0.00749501
2458897.5473352433 1.01133873 0.00749501
2458897.5474399403 0.99668874 0.00749501
2458897.5475445627 0.99224289 0.00749501
2458897.5476491051 1.00129881 0.00749501
2458897.5477541182 1.00109802 0.00749501
2458897.5478588161 1.00744184 0.00749501
2458897.5479634311 1.00686094 0.00749501
2458897.5480682100 0.99836187 0.00749501
2458897.5481729736 0.99791377 0.00749501
2458897.5482777110 1.01083796 0.00749501
2458897.5483824243 1.00283242 0.00749501
2458897.5484871999 1.00433002 0.00749501
2458897.5485922918 1.01065751 0.00749501
2458897.5486969566 1.00456532 0.00749501
2458897.5488017309 1.00446270 0.00749501
2458897.5489064120 1.00528472 0.00749501
2458897.5490110987 1.00471669 0.00749501
2458897.5491157337 0.99730412 0.00749501
2458897.5492204628 1.00480847 0.00749501
2458897.5493251402 1.00549886 0.00749501
2458897.5494305156 1.00555622 0.00749501
2458897.5495352773 0.99733486 0.00749501
2458897.5496398029 1.00379103 0.00749501
2458897.5497444603 1.00677979 0.00749501
2458897.5498490883 0.99790366 0.00749501
2458897.5499538435 0.99362199 0.00749501
2458897.5500585046 0.98896656 0.00749501
2458897.5501632225 0.98732036 0.00749501
2458897.5502679944 0.98563932 0.00749501
2458897.5503726550 1.00148469 0.00749501
2458897.5504773413 1.00433641 0.00749501
2458897.5505819828 1.00217138 0.00749501
2458897.5506867561 0.99810303 0.00749501
2458897.5507914582 1.00273456 0.00749501
2458897.5508962926 0.99623284 0.00749501
2458897.5510014645 0.98968979 0.00749501
2458897.5511059761 1.01697082 0.00749501
2458897.5512107103 1.00159287 0.00749501
2458897.5513156392 1.00751260 0.00749501
2458897.5514203357 0.99624361 0.00749501
2458897.5515251467 0.99862489 0.00749501
2458897.5516298744 0.99978773 0.00749501
2458897.5517345103 1.00819042 0.00749501
2458897.5518390327 1.00034008 0.00749501
2458897.5519437599 0.99682239 0.00749501
2458897.5520485220 0.98836947 0.00749501
2458897.5521531501 0.99416754 0.00749501
2458897.5522579653 1.00092116 0.00749501
2458897.5523626306 1.00139532 0.00749501
2458897.5524672382 1.00605241 0.00749501
2458897.5525719388 1.00751263 0.00749501
2458897.5526767122 1.00938324 0.00749501
2458897.5527811833 1.00791226 0.00749501
2458897.5528859845 1.00037873 0.00749501
2458897.5529907476 0.99356082 0.00749501
2458897.5530954096 1.00606338 0.00749501
2458897.5532002472 0.98995774 0.00749501
2458897.5533048147 0.99711197 0.00749501
2458897.5534095522 0.99378243 0.00749501
2458897.5535144531 0.99736846 0.00749501
2458897.5536191636 0.99515901 0.00749501
2458897.5537238428 0.99083359 0.00749501
2458897.5538285263 1.00035643 0.00749501
2458897.5539334579 0.99819672 0.00749501
2458897.5540387193 1.00175316 0.00749501
2458897.5541433184 0.99864414 0.00749501
2458897.5542480783 1.00266077 0.00749501
2458897.5543527654 0.99695777 0.00749501
2458897.5544574372 0.99602994 0.00749501
2458897.5545620094 1.00007489 0.00749501
2458897.5546666477 1.00349636 0.00749501
2458897.5547712147 0.99849954 0.00749501
2458897.5548760104 0.99606947 0.00749501
2458897.5549807805 0.99905356 0.00749501
2458897.5550855296 0.99634332 0.00749501
2458897.5551899509 1.01044230 0.00749501
2458897.5552947414 0.99579884 0.00749501
2458897.5553992647 1.00701275 0.00749501
2458897.5555039337 0.99924724 0.00749501
2458897.5556086036 0.99923555 0.00749501
2458897.5557133877 0.99778352 0.00749501
2458897.5558179547 0.98801904 0.00749501
2458897.5559225031 0.99452034 0.00749501
2458897.5560271763 0.99374453 0.00749501
2458897.5561318244 0.99554253 0.00749501
2458897.5562366308 1.00243156 0.00749501
2458897.5563412118 0.99759902 0.00749501
2458897.5564459371 1.00242439 0.00749501
2458897.5565505293 1.00786674 0.00749501
2458897.5566551969 1.00480632 0.00749501
2458897.5567599200 1.00103181 0.00749501
2458897.5568646877 1.00145350 0.00749501
2458897.5569694676 1.00071767 0.00749501
2458897.5570741924 1.00577426 0.00749501
2458897.5571788386 0.99532851 0.00749501
2458897.5572835463 1.01472206 0.00749501
2458897.5573882833 1.00898940 0.00749501
2458897.5574929668 1.01057390 0.00749501
2458897.5575976330 1.01035302 0.00749501
2458897.5577023155 1.00317810 0.00749501
2458897.5578070078 0.99063056 0.00749501
2458897.5579116847 0.99929752 0.00749501
2458897.5580163342 0.99842961 0.00749501
2458897.5581210824 0.99070124 0.00749501
2458897.5582257528 1.00306821 0.00749501
2458897.5583303389 0.99384236 0.00749501
2458897.5584347672 1.00579254 0.00749501
2458897.5585394790 1.01058827 0.00749501
2458897.5586441183 0.99979473 0.00749501
2458897.5587488059 0.99970179 0.00749501
2458897.5588535001 0.99960273 0.00749501
2458897.5589582315 0.99747143 0.00749501
2458897.5590628684 0.99915432 0.00749501
2458897.5591678298 1.00575109 0.00749501
2458897.5592726097 0.99121833 0.00749501
2458897.5593772535 0.99525029 0.00749501
2458897.5594819402 0.99790944 0.00749501
2458897.5595867750 0.99646909 0.00749501
2458897.5596914752 1.00164446 0.00749501
2458897.5597961294 0.99243697 0.00749501
2458897.5599008296 1.00519603 0.00749501
2458897.5600055112 1.00737172 0.00749501
2458897.5601102365 0.99767798 0.00749501
2458897.5602149852 0.99688202 0.00749501
2458897.5603197236 0.99601103 0.00749501
2458897.5604243320 0.99796817 0.00749501
2458897.5605289862 1.00783816 0.00749501
2458897.5606354033 0.99436410 0.00749501
2458897.5607401142 0.99727319 0.00749501
2458897.5608448153 1.00431450 0.00749501
2458897.5609494494 1.00644488 0.00749501
2458897.5610542633 1.00307226 0.00749501
2458897.5611589407 1.00186913 0.00749501
2458897.5612637382 1.00135252 0.00749501
2458897.5613690238 0.99131780 0.00749501
2458897.5614735656 0.99698012 0.00749501
2458897.5615782551 0.99378377 0.00749501
2458897.5616828729 0.98488572 0.00749501
2458897.5617876523 0.98557145 0.00749501
2458897.5618923828 1.00238930 0.00749501
2458897.5619971841 1.00064501 0.00749501
2458897.5621018964 1.00696672 0.00749501
2458897.5622066865 0.99908820 0.00749501
2458897.5623112554 1.00730907 0.00749501
2458897.5624161419 1.01196933 0.00749501
2458897.5625207899 1.00291646 0.00749501
2458897.5626254571 1.00642410 0.00749501
2458897.5627301387 1.00602823 0.00749501
2458897.5628346330 1.00081267 0.00749501
2458897.5629392834 1.00787446 0.00749501
2458897.5630438221 1.01384303 0.00749501
2458897.5631484976 1.00617287 0.00749501
2458897.5632528295 1.00477079 0.00749501
2458897.5633575618 0.99940656 0.00749501
2458897.5634622537 0.99580646 0.00749501
2458897.5635668999 0.99764922 0.00749501
2458897.5636716136 0.99271384 0.00749501
2458897.5637762593 0.99601551 0.00749501
2458897.5638808440 0.99958621 0.00749501
2458897.5639856015 0.99780018 0.00749501
2458897.5640904731 1.00012510 0.00749501
2458897.5641952064 1.00529455 0.00749501
2458897.5642999676 1.00182689 0.00749501
2458897.5644047339 0.99882974 0.00749501
2458897.5645094491 1.00920310 0.00749501
2458897.5646141423 0.99641257 0.00749501
2458897.5647188481 0.99237282 0.00749501
2458897.5648236698 0.99956496 0.00749501
2458897.5649284925 1.00061280 0.00749501
2458897.5650332263 1.00594571 0.00749501
2458897.5651378217 0.99666737 0.00749501
2458897.5652425741 0.99103704 0.00749501
2458897.5653473600 0.98763744 0.00749501
2458897.5654520751 0.99032696 0.00749501
2458897.5655567995 0.99535721 0.00749501
2458897.5656613731 1.00110113 0.00749501
2458897.5657660696 0.99641719 0.00749501
2458897.5658706678 0.99690304 0.00749501
2458897.5659754802 0.99907361 0.00749501
2458897.5660802964 0.99660023 0.00749501
2458897.5661850092 0.99259805 0.00749501
2458897.5662896791 0.99533062 0.00749501
2458897.5663941028 1.00282215 0.00749501
2458897.5664988216 1.00670508 0.00749501
2458897.5666035288 1.00765655 0.00749501
2458897.5667082993 0.99217615 0.00749501
2458897.5668130820 0.99727278 0.00749501
2458897.5669178818 0.99555011 0.00749501
2458897.5670226528 1.00094679 0.00749501
2458897.5671273009 0.99338607 0.00749501
2458897.5672320328 0.99208205 0.00749501
2458897.5673368471 0.98908783 0.00749501
2458897.5674417629 0.97999311 0.00749501
2458897.5675464929 0.99125217 0.00749501
2458897.5676511968 0.99502295 0.00749501
2458897.5677559352 0.99811415 0.00749501
2458897.5678606830 1.00136191 0.00749501
2458897.5679654251 0.99859963 0.00749501
2458897.5680702063 0.99696086 0.00749501
2458897.5681748297 1.00047014 0.00749501
2458897.5682797376 0.99886199 0.00749501
2458897.5683844294 1.00732181 0.00749501
2458897.5684888698 0.99059497 0.00749501
2458897.5685935570 0.99749289 0.00749501
2458897.5686982358 0.99162505 0.00749501
2458897.5688033849 0.98780156 0.00749501
2458897.5689081890 1.00377576 0.00749501
2458897.5690133991 1.00103999 0.00749501
2458897.5691181282 1.00160852 0.00749501
2458897.5692227855 1.00385782 0.00749501
2458897.5693274513 1.00864586 0.00749501
2458897.5694321226 0.99562544 0.00749501
2458897.5695369686 0.99001275 0.00749501
2458897.5696416469 0.98185466 0.00749501
2458897.5697465139 0.99493796 0.00749501
2458897.5698513770 0.98495900 0.00749501
2458897.5699560679 1.00039953 0.00749501
2458897.5700607928 0.99505759 0.00749501
2458897.5701654758 1.00231242 0.00749501
2458897.5702708866 1.00549125 0.00749501
2458897.5703761415 1.00071021 0.00749501
2458897.5704809180 1.01177246 0.00749501
2458897.5705863195 1.00210938 0.00749501
2458897.5706908512 1.00544773 0.00749501
2458897.5707955556 0.99485311 0.00749501
2458897.5709002162 1.00729104 0.00749501
2458897.5710048997 0.98593200 0.00749501
2458897.5711102216 0.99963680 0.00749501
2458897.5712150056 1.00296606 0.00749501
2458897.5713199084 1.00257431 0.00749501
2458897.5714246267 0.99412785 0.00749501
2458897.5715296064 0.99978173 0.00749501
2458897.5716341948 0.99311603 0.00749501
2458897.5717388750 1.00037472 0.00749501
2458897.5718436516 1.00080101 0.00749501
2458897.5719480375 0.99015971 0.00749501
2458897.5720526143 1.00138416 0.00749501
2458897.5721575399 1.00232348 0.00749501
2458897.5722622788 1.00207535 0.00749501
2458897.5723669538 0.99846198 0.00749501
2458897.5724716489 0.99713862 0.00749501
2458897.5725768362 0.99726423 0.00749501
2458897.5726815644 0.99023897 0.00749501
2458897.5727862213 1.00048831 0.00749501
2458897.5728908391 1.00260746 0.00749501
2458897.5729955104 0.99447668 0.00749501
2458897.5731003401 1.00258649 0.00749501
2458897.5732050231 0.97652402 0.00749501
2458897.5733096232 0.99509101 0.00749501
2458897.5734143229 0.99695804 0.00749501
2458897.5735190958 1.00951581 0.00749501
2458897.5736244251 1.01090757 0.00749501
2458897.5737291002 1.00134059 0.00749501
2458897.5738338381 1.00662363 0.00749501
2458897.5739385635 1.00629412 0.00749501
2458897.5740437545 1.00237100 0.00749501
2458897.5741484114 0.99748487 0.00749501
2458897.5742534087 1.00304211 0.00749501
2458897.5743580726 0.99516598 0.00749501
2458897.5744627737 0.99471594 0.00749501
2458897.5745675163 0.99073807 0.00749501
2458897.5746720373 1.00086329 0.00749501
2458897.5747765736 0.99908877 0.00749501
2458897.5748812319 1.00629554 0.00749501
2458897.5749858790 1.00276566 0.00749501
2458897.5750904498 0.99257977 0.00749501
2458897.5751951756 0.99861391 0.00749501
2458897.5752999801 0.99182796 0.00749501
2458897.5754046421 0.99008052 0.00749501
2458897.5755098644 0.99426725 0.00749501
2458897.5756144049 0.99341958 0.00749501
2458897.5757191894 0.97939856 0.00749501
2458897.5758235301 1.00853043 0.00749501
2458897.5759283947 1.00115747 0.00749501
2458897.5760331093 0.99404463 0.00749501
2458897.5761385583 1.00324847 0.00749501
2458897.5762433293 1.00155783 0.00749501
2458897.5763485841 1.00550014 0.00749501
2458897.5764533184 0.99702556 0.00749501
2458897.5765580628 1.00748564 0.00749501
2458897.5766626056 0.99915739 0.00749501
2458897.5767672947 0.99746753 0.00749501
2458897.5768720256 0.99736982 0.00749501
2458897.5769767575 0.99369233 0.00749501
2458897.5770814829 0.99569359 0.00749501
2458897.5771862282 0.99795952 0.00749501
2458897.5772910346 0.99569431 0.00749501
2458897.5773955518 0.98778840 0.00749501
2458897.5775002469 0.99687032 0.00749501
2458897.5776050445 0.99088674 0.00749501
2458897.5777096781 1.00106185 0.00749501
2458897.5778143904 1.00186334 0.00749501
2458897.5779189025 0.99020670 0.00749501
2458897.5780244195 1.00355197 0.00749501
2458897.5781292552 1.00128023 0.00749501
2458897.5782339950 1.00760239 0.00749501
2458897.5783389746 1.00610149 0.00749501
2458897.5784436450 0.99548856 0.00749501
2458897.5785483499 0.99746799 0.00749501
2458897.5786530748 1.00977149 0.00749501
2458897.5787576726 1.00393688 0.00749501
2458897.5788624156 1.00440379 0.00749501
2458897.5789673077 0.99743154 0.00749501
2458897.5790719753 0.99694028 0.00749501
2458897.5791766606 0.99855430 0.00749501
2458897.5792813376 0.99295153 0.00749501
2458897.5793859507 0.99264652 0.00749501
2458897.5794906402 0.98561410 0.00749501
2458897.5795957483 1.00238448 0.00749501
2458897.5797004546 0.99003074 0.00749501
2458897.5798051213 0.99604451 0.00749501
2458897.5799098564 0.98363791 0.00749501
2458897.5800145278 0.98598479 0.00749501
2458897.5801192052 0.98200703 0.00749501
2458897.5802238998 0.98910633 0.00749501
2458897.5803286214 0.99514520 0.00749501
2458897.5804335736 0.99826964 0.00749501
2458897.5805382417 1.00199614 0.00749501
2458897.5806429945 1.00591818 0.00749501
2458897.5807477175 1.00746886 0.00749501
2458897.5808524378 1.00950451 0.00749501
2458897.5809570984 0.99580758 0.00749501
2458897.5810619020 1.00376990 0.00749501
2458897.5811666432 1.00375873 0.00749501
2458897.5812713150 0.99104540 0.00749501
2458897.5813761218 0.98991918 0.00749501
2458897.5814808672 0.98684761 0.00749501
2458897.5815855521 0.99430634 0.00749501
2458897.5816905377 0.99949831 0.00749501
2458897.5817952482 0.99825149 0.00749501
2458897.5818997291 1.00517561 0.00749501
2458897.5820043315 1.00672706 0.00749501
2458897.5821089325 1.00419497 0.00749501
2458897.5822136030 1.00850185 0.00749501
2458897.5823183032 1.00441734 0.00749501
2458897.5824230565 1.00280355 0.00749501
2458897.5825277367 1.00291818 0.00749501
2458897.5826323931 1.00379159 0.00749501
2458897.5827369746 1.00734171 0.00749501
2458897.5828416524 0.99798620 0.00749501
2458897.5829463308 0.99315383 0.00749501
2458897.5830510342 0.99620748 0.00749501
2458897.5831559221 0.99283187 0.00749501
2458897.5832606652 0.99568018 0.00749501
2458897.5833655577 0.99303437 0.00749501
2458897.5834700717 0.99526021 0.00749501
2458897.5835754159 0.99165745 0.00749501
2458897.5836800276 0.98785347 0.00749501
2458897.5837846361 0.99117727 0.00749501
2458897.5838892292 1.00000251 0.00749501
2458897.5839938773 0.99998141 0.00749501
2458897.5840986311 0.99955504 0.00749501
2458897.5842034505 1.00125363 0.00749501
2458897.5843082746 0.99512110 0.00749501
2458897.5844128528 1.00505335 0.00749501
2458897.5845175190 1.00440758 0.00749501
2458897.5846220790 1.00154779 0.00749501
2458897.5847267723 1.00140211 0.00749501
2458897.5848314953 1.00310868 0.00749501
2458897.5849367413 0.99651002 0.00749501
2458897.5850412496 1.00175609 0.00749501
2458897.5851462898 0.99452017 0.00749501
2458897.5852510128 0.99825404 0.00749501
2458897.5853556129 0.99771801 0.00749501
2458897.5854603974 0.99954015 0.00749501
2458897.5855651819 0.99765878 0.00749501
2458897.5856699175 0.99738028 0.00749501
2458897.5857746112 1.00040392 0.00749501
2458897.5858793315 0.99877163 0.00749501
2458897.5859840820 0.99900126 0.00749501
2458897.5860887836 1.00341796 0.00749501
2458897.5861933944 1.00003617 0.00749501
2458897.5862979027 0.99948926 0.00749501
2458897.5864026477 1.00174735 0.00749501
2458897.5865075020 1.00089583 0.00749501
2458897.5866121659 0.99947648 0.00749501
2458897.5867169001 1.00010352 0.00749501
2458897.5868215803 0.99385843 0.00749501
2458897.5869261478 0.99041992 0.00749501
2458897.5870308885 0.99483621 0.00749501
2458897.5871359142 0.98729842 0.00749501
2458897.5872403192 0.99330015 0.00749501
2458897.5873450097 0.99430559 0.00749501
2458897.5874496158 0.99857506 0.00749501
2458897.5875541307 0.99305499 0.00749501
2458897.5876588076 0.99836208 0.00749501
2458897.5877634482 0.99394711 0.00749501
2458897.5878681452 0.99739487 0.00749501
2458897.5879728808 1.00183407 0.00749501
2458897.5880775084 0.99655681 0.00749501
2458897.5881821974 0.99668291 0.00749501
2458897.5882868469 0.99611069 0.00749501
2458897.5883914847 0.99530752 0.00749501
2458897.5884961914 0.99862042 0.00749501
2458897.5886011301 0.99894843 0.00749501
2458897.5887057162 1.00354982 0.00749501
2458897.5888106120 0.99220135 0.00749501
2458897.5889153858 1.00368212 0.00749501
2458897.5890199966 0.99084161 0.00749501
2458897.5891248095 0.98852959 0.00749501
2458897.5892294496 0.99432209 0.00749501
2458897.5893345275 0.99219754 0.00749501
2458897.5894393125 0.98630254 0.00749501
2458897.5895438199 0.99364123 0.00749501
2458897.5896484638 0.98940139 0.00749501
2458897.5897531803 0.99511892 0.00749501
2458897.5898576505 1.00060700 0.00749501
2458897.5899624089 1.00085228 0.00749501
2458897.5900670197 1.00313577 0.00749501
2458897.5901717581 0.99906881 0.00749501
2458897.5902764704 0.99534537 0.00749501
2458897.5903812195 1.00143278 0.00749501
2458897.5904859747 1.00071386 0.00749501
2458897.5905906814 0.99930075 0.00749501
2458897.5906951874 0.99719575 0.00749501
2458897.5907999040 1.00203488 0.00749501
2458897.5909049921 1.00100160 0.00749501
2458897.5910098343 0.99622321 0.00749501
2458897.5911145499 0.99977896 0.00749501
2458897.5912193395 0.98998835 0.00749501
2458897.5913239969 0.99917577 0.00749501
2458897.5914286515 0.99868762 0.00749501
2458897.5915333815 0.99274741 0.00749501
2458897.5916380561 0.99764515 0.00749501
2458897.5917424797 0.99082884 0.00749501
2458897.5918477895 1.00542054 0.00749501
2458897.5919525647 1.00341718 0.00749501
2458897.5920572658 0.99866920 0.00749501
2458897.5921619558 0.99898205 0.00749501
2458897.5922666215 0.99980336 0.00749501
2458897.5923714009 1.00977831 0.00749501
2458897.5924761882 1.01061034 0.00749501
2458897.5925810016 0.99684500 0.00749501
2458897.5926857730 0.99594457 0.00749501
2458897.5927905017 1.00429235 0.00749501
2458897.5928955330 0.99319141 0.00749501
2458897.5930002001 0.99692326 0.00749501
2458897.5931049348 0.99842954 0.00749501
2458897.5932096257 0.99622056 0.00749501
2458897.5933152027 0.99697305 0.00749501
2458897.5934198648 0.99836291 0.00749501
2458897.5935246437 1.00185769 0.00749501
2458897.5936294184 0.99609017 0.00749501
2458897.5937341517 0.99772002 0.00749501
2458897.5938389697 1.00018704 0.00749501
2458897.5939434837 1.00545896 0.00749501
2458897.5940485732 0.99633003 0.00749501
2458897.5941532142 0.99426582 0.00749501
2458897.5942579685 0.99693137 0.00749501
2458897.5943629430 0.99725367 0.00749501
2458897.5944675421 0.99925484 0.00749501
2458897.5945722824 0.99495280 0.00749501
2458897.5946770725 0.99640113 0.00749501
2458897.5947819590 0.99830521 0.00749501
2458897.5948866792 1.00202069 0.00749501
2458897.5949913678 0.98900011 0.00749501
2458897.5950960913 0.98484255 0.00749501
2458897.5952007473 0.98700912 0.00749501
2458897.5953052184 0.98997494 0.00749501
2458897.5954099093 0.99169146 0.00749501
2458897.5955148605 0.99506934 0.00749501
2458897.5956196166 0.99870055 0.00749501
2458897.5957242232 0.99688786 0.00749501
2458897.5958289169 1.00035554 0.00749501
2458897.5959335226 1.00427085 0.00749501
2458897.5960381781 1.00576217 0.00749501
2458897.5961428150 1.00442279 0.00749501
2458897.5962474579 0.99310231 0.00749501
2458897.5963522331 0.99785461 0.00749501
2458897.5964568872 0.99656365 0.00749501
2458897.5965617010 0.99412650 0.00749501
2458897.5966664371 0.99783132 0.00749501
2458897.5967711941 0.99852106 0.00749501
2458897.5968758320 0.99131674 0.00749501
2458897.5969809615 0.99306171 0.00749501
2458897.5970857302 0.98999042 0.00749501
2458897.5971904648 0.99711744 0.00749501
2458897.5972952927 0.99783649 0.00749501
2458897.5974000324 1.00045631 0.00749501
2458897.5975047611 1.00006032 0.00749501
2458897.5976092876 1.00252099 0.00749501
2458897.5977140986 1.00750873 0.00749501
2458897.5978189614 1.00118847 0.00749501
2458897.5979236737 1.00581342 0.00749501
2458897.5980281932 1.00498564 0.00749501
2458897.5981330052 1.00832171 0.00749501
2458897.5982375192 1.01177336 0.00749501
2458897.5983423297 1.01013490 0.00749501
2458897.5984474807 1.00142155 0.00749501
2458897.5985525888 1.00021986 0.00749501
2458897.5986572774 1.00460738 0.00749501
2458897.5987620289 1.00356793 0.00749501
2458897.5988667998 1.00364785 0.00749501
2458897.5989716193 0.99791766 0.00749501
2458897.5990763688 0.99978643 0.00749501
2458897.5991811436 0.99821650 0.00749501
2458897.5992858983 1.00412744 0.00749501
2458897.5993911522 0.99939510 0.00749501
2458897.5994958570 1.00075505 0.00749501
2458897.5996006150 0.99513873 0.00749501
2458897.5997052607 1.00074328 0.00749501
2458897.5998098846 0.99587381 0.00749501
2458897.5999145736 0.99830308 0.00749501
2458897.6000194540 1.00185438 0.00749501
2458897.6001241412 0.99933415 0.00749501
2458897.6002288605 0.99927476 0.00749501
2458897.6003335947 0.99867298 0.00749501
2458897.6004380262 1.00158240 0.00749501
2458897.6005426184 1.00841030 0.00749501
2458897.6006474309 1.00196022 0.00749501
2458897.6007519271 0.99746681 0.00749501
2458897.6008566949 0.99478129 0.00749501
2458897.6009615241 0.98490073 0.00749501
2458897.6010663006 0.99265223 0.00749501
2458897.6011710651 0.99525330 0.00749501
2458897.6012759232 0.99737259 0.00749501
2458897.6013806714 0.99829983 0.00749501
2458897.6014856272 1.00053056 0.00749501
2458897.6015903079 1.00188698 0.00749501
2458897.6016951366 1.00366561 0.00749501
2458897.6017998494 0.99174176 0.00749501
2458897.6019046018 0.99655574 0.00749501
2458897.6020093206 0.99702792 0.00749501
2458897.6021141126 0.99717856 0.00749501
2458897.6022187038 0.99460304 0.00749501
2458897.6023233617 1.00354571 0.00749501
2458897.6024280232 1.00084888 0.00749501
2458897.6025326974 0.99921772 0.00749501
2458897.6026375089 0.99691172 0.00749501
2458897.6027422957 0.99171216 0.00749501
2458897.6028469144 0.99342579 0.00749501
2458897.6029517762 1.00224294 0.00749501
2458897.6030564997 0.99912599 0.00749501
2458897.6031610942 0.99865724 0.00749501
2458897.6032658760 1.00078057 0.00749501
2458897.6033708369 0.99952056 0.00749501
2458897.6034755139 0.99469550 0.00749501
2458897.6035800725 0.99930258 0.00749501
2458897.6036847695 0.99064058 0.00749501
2458897.6037894906 0.99639571 0.00749501
2458897.6038943841 1.00756162 0.00749501
2458897.6039991989 1.00204033 0.00749501
2458897.6041038563 1.00154917 0.00749501
2458897.6042086263 0.99695508 0.00749501
2458897.6043133475 0.99958323 0.00749501
2458897.6044180631 1.00357098 0.00749501
2458897.6045230026 1.00297261 0.00749501
2458897.6046277215 1.01285350 0.00749501
2458897.6047324510 1.00367955 0.00749501
2458897.6048370725 1.00505615 0.00749501
2458897.6049418100 0.99985677 0.00749501
2458897.6050463943 1.00297706 0.00749501
2458897.6051511080 1.00678054 0.00749501
2458897.6052558064 1.00208134 0.00749501
2458897.6053605317 1.00175260 0.00749501
2458897.6054652683 0.99151426 0.00749501
2458897.6055698860 0.99538862 0.00749501
2458897.6056746026 0.99758479 0.00749501
2458897.6057793740 0.99510171 0.00749501
2458897.6058841594 1.00053956 0.00749501
2458897.6059893533 0.99710861 0.00749501
2458897.6060940176 0.99243448 0.00749501
2458897.6061987528 0.99625033 0.00749501
2458897.6063035214 0.99797370 0.00749501
2458897.6064083353 0.99436276 0.00749501
2458897.6065128809 0.98430423 0.00749501
2458897.6066175881 0.98765473 0.00749501
2458897.6067223554 0.99390360 0.00749501
2458897.6068271371 0.98743965 0.00749501
2458897.6069319365 0.99094226 0.00749501
2458897.6070367084 1.00110740 0.00749501
2458897.6071412987 0.99542604 0.00749501
2458897.6072459267 0.99258720 0.00749501
2458897.6073511443 0.98919840 0.00749501
2458897.6074557994 0.99096846 0.00749501
2458897.6075602900 0.99767432 0.00749501
2458897.6076649353 1.00404827 0.00749501
2458897.6077696378 1.00886465 0.00749501
2458897.6078742440 1.00307490 0.00749501
2458897.6079788753 1.00868087 0.00749501
2458897.6080837259 0.99529210 0.00749501
2458897.6081883209 1.00023156 0.00749501
2458897.6082928022 1.00072476 0.00749501
2458897.6083981902 1.00271344 0.00749501
2458897.6085027456 0.99765590 0.00749501
2458897.6086074994 0.99577165 0.00749501
2458897.6087121153 0.98731005 0.00749501
2458897.6088167881 0.98968126 0.00749501
2458897.6089219921 0.99223846 0.00749501
2458897.6090267384 0.99686654 0.00749501
2458897.6091312766 1.00715870 0.00749501
2458897.6092360639 0.99895335 0.00749501
2458897.6093407818 1.00024925 0.00749501
2458897.6094454830 1.00371683 0.00749501
2458897.6095505776 0.99705574 0.00749501
2458897.6096553328 0.99552005 0.00749501
2458897.6097603836 0.99672113 0.00749501
2458897.6098650382 0.99858227 0.00749501
2458897.6099701850 0.99975043 0.00749501
2458897.6100752507 0.99465480 0.00749501
2458897.6101797810 0.99186767 0.00749501
2458897.6102843387 1.00223041 0.00749501
2458897.6103889924 0.98866072 0.00749501
2458897.6104938933 0.99158068 0.00749501
2458897.6105987080 0.99465243 0.00749501
2458897.6107032988 0.99712543 0.00749501
2458897.6108079902 0.99237397 0.00749501
2458897.6109129870 1.00296427 0.00749501
2458897.6110179573 0.99751713 0.00749501
2458897.6111226659 1.00076321 0.00749501
2458897.6112272749 0.99140458 0.00749501
2458897.6113319863 0.99887091 0.00749501
2458897.6114367046 0.99745156 0.00749501
2458897.6115410877 0.99970643 0.00749501
2458897.6116458229 0.99231762 0.00749501
2458897.6117503722 1.00467381 0.00749501
2458897.6118550892 1.00315786 0.00749501
2458897.6119597615 1.00326770 0.00749501
2458897.6120644067 0.99705019 0.00749501
2458897.6121690716 0.99947159 0.00749501
2458897.6122738123 0.99747522 0.00749501
2458897.6123784655 0.99942036 0.00749501
2458897.6124832421 0.99928362 0.00749501
2458897.6125880107 1.00329764 0.00749501
2458897.6126925582 1.00648972 0.00749501
2458897.6127971872 1.00010646 0.00749501
2458897.6129023600 1.00165624 0.00749501
2458897.6130070742 0.99867514 0.00749501
2458897.6131120524 1.00375134 0.00749501
2458897.6132168872 0.99516484 0.00749501
2458897.6133216340 1.00499764 0.00749501
2458897.6134263775 1.00275573 0.00749501
2458897.6135310843 1.00720554 0.00749501
2458897.6136358785 1.00273079 0.00749501
2458897.6137406807 1.00510805 0.00749501
2458897.6138453209 1.00200126 0.00749501
2458897.6139498795 0.99741011 0.00749501
2458897.6140546170 1.00139521 0.00749501
2458897.6141592585 1.00359917 0.00749501
2458897.6142639453 1.00537993 0.00749501
2458897.6143690855 0.99558369 0.00749501
2458897.6144739138 0.99400413 0.00749501
2458897.6145785968 0.99397291 0.00749501
2458897.6146833231 0.99234894 0.00749501
2458897.6147877653 0.99556666 0.00749501
2458897.6148922695 1.00386349 0.00749501
2458897.6149965799 0.98963092 0.00749501
2458897.6151017183 1.00422169 0.00749501
2458897.6152063105 1.00152552 0.00749501
2458897.6153117623 0.99960559 0.00749501
2458897.6154162693 1.00012008 0.00749501
2458897.6155210999 0.99466169 0.00749501
2458897.6156260050 0.99814366 0.00749501
2458897.6157308174 0.99789996 0.00749501
2458897.6158355889 0.99882379 0.00749501
2458897.6159404567 0.99606357 0.00749501
2458897.6160452417 1.00212440 0.00749501
2458897.6161499587 0.99812627 0.00749501
2458897.6162546352 1.00063798 0.00749501
2458897.6163599691 1.00601802 0.00749501
2458897.6164642675 0.99541290 0.00749501
2458897.6165690036 1.00122458 0.00749501
2458897.6166735999 1.00515313 0.00749501
2458897.6167781563 1.00635464 0.00749501
2458897.6168827838 1.00393805 0.00749501
2458897.6169874761 1.00037810 0.00749501
2458897.6170925633 1.00320930 0.00749501
2458897.6171973171 0.99947969 0.00749501
2458897.6173019987 1.00713452 0.00749501
2458897.6174067613 1.01088823 0.00749501
2458897.6175120366 1.01444754 0.00749501
2458897.6176166483 1.01060482 0.00749501
2458897.6177213513 1.01232623 0.00749501
2458897.6178263030 1.00894008 0.00749501
2458897.6179310596 1.00921877 0.00749501
2458897.6180364182 1.00001319 0.00749501
2458897.6181411948 1.00634531 0.00749501
2458897.6182458987 0.99899244 0.00749501
2458897.6183511023 1.00575354 0.00749501
2458897.6184564186 1.00606223 0.00749501
2458897.6185612991 1.00358894 0.00749501
2458897.6186660295 0.99951480 0.00749501
2458897.6187708820 1.00239328 0.00749501
2458897.6188754328 0.99607331 0.00749501
2458897.6189801157 0.99992668 0.00749501
2458897.6190851950 1.00920479 0.00749501
2458897.6191899087 1.00636602 0.00749501
2458897.6192945987 1.00924601 0.00749501
2458897.6193991844 1.00381586 0.00749501
2458897.6195051852 1.00395891 0.00749501
2458897.6196097266 1.01201842 0.00749501
2458897.6197143816 1.00148790 0.00749501
2458897.6198191326 1.00617514 0.00749501
2458897.6199239404 1.00803441 0.00749501
2458897.6200285410 1.00462205 0.00749501
2458897.6201332500 1.00890167 0.00749501
2458897.6202378613 1.00409061 0.00749501
2458897.6203421974 1.00585953 0.00749501
2458897.6204470652 1.00318376 0.00749501
2458897.6205515862 0.99791093 0.00749501
2458897.6206562081 0.99742552 0.00749501
2458897.6207609610 1.00052029 0.00749501
2458897.6208661553 0.99732729 0.00749501
2458897.6209707395 0.99409549 0.00749501
2458897.6210754053 0.98506758 0.00749501
2458897.6211806922 0.99015999 0.00749501
2458897.6212857664 0.99766938 0.00749501
2458897.6213904480 0.99217653 0.00749501
2458897.6214951421 0.98869646 0.00749501
2458897.6215999261 0.98612463 0.00749501
2458897.6217051349 0.99392085 0.00749501
2458897.6218096795 0.99859814 0.00749501
2458897.6219143560 0.99276933 0.00749501
2458897.6220194120 0.99455193 0.00749501
2458897.6221241574 0.99752793 0.00749501
2458897.6222290061 0.99291398 0.00749501
2458897.6223336486 0.99111836 0.00749501
2458897.6224382264 0.99186632 0.00749501
2458897.6225432246 0.99134685 0.00749501
2458897.6226486741 0.98989626 0.00749501
2458897.6227538218 0.99562038 0.00749501
2458897.6228588368 0.99651844 0.00749501
2458897.6229634173 0.99240802 0.00749501
2458897.6230685264 0.99305517 0.00749501
2458897.6231732084 0.99756691 0.00749501
2458897.6232777606 0.98908423 0.00749501
2458897.6233825390 0.99035799 0.00749501
2458897.6234873272 0.98521335 0.00749501
2458897.6235920172 0.98804774 0.00749501
2458897.6236968697 0.98539879 0.00749501
2458897.6238013543 0.99543831 0.00749501
2458897.6239065197 0.99287003 0.00749501
2458897.6240112572 0.99421294 0.00749501
2458897.6241159900 0.99311072 0.00749501
2458897.6242207210 0.99412944 0.00749501
2458897.6243254207 0.99258665 0.00749501
2458897.6244300283 0.98772075 0.00749501
2458897.6245347206 0.99255988 0.00749501
2458897.6246393905 0.98935599 0.00749501
2458897.6247440777 0.99116378 0.00749501
2458897.6248487863 0.99610991 0.00749501
2458897.6249534679 0.99299778 0.00749501
2458897.6250580568 0.99333493 0.00749501
2458897.6251630383 0.99491080 0.00749501
2458897.6252676686 0.99998016 0.00749501
2458897.6253724061 1.00019445 0.00749501
2458897.6254774304 1.00212013 0.00749501
2458897.6255820747 0.99698190 0.00749501
2458897.6256868383 0.99865535 0.00749501
2458897.6257917401 1.00119458 0.00749501
2458897.6258964301 0.99997254 0.00749501
2458897.6260012109 0.99735890 0.00749501
2458897.6261060280 1.00132337 0.00749501
2458897.6262108143 0.99682627 0.00749501
2458897.6263155467 0.99437034 0.00749501
2458897.6264204201 0.99278576 0.00749501
2458897.6265250016 0.99329105 0.00749501
2458897.6266298820 0.99944148 0.00749501
2458897.6267344351 0.99440635 0.00749501
2458897.6268389411 0.99948065 0.00749501
2458897.6269437466 0.99178058 0.00749501
2458897.6270484924 0.99553090 0.00749501
2458897.6271531344 0.99777400 0.00749501
2458897.6272578682 0.99446315 0.00749501
2458897.6273625870 1.00115541 0.00749501
2458897.6274673906 1.00195420 0.00749501
2458897.6275726976 0.99895267 0.00749501
2458897.6276773708 0.99759912 0.00749501
2458897.6277819229 0.99257918 0.00749501
2458897.6278866334 0.99584934 0.00749501
2458897.6279916619 0.99541001 0.00749501
2458897.6280963663 0.99792373 0.00749501
2458897.6282011257 0.99566953 0.00749501
2458897.6283059302 0.99052609 0.00749501
2458897.6284106229 0.99507084 0.00749501
2458897.6285153232 0.99248203 0.00749501
2458897.6286200364 0.99558175 0.00749501
2458897.6287247445 0.99648978 0.00749501
2458897.6288295127 0.99665404 0.00749501
2458897.6289341138 0.99183751 0.00749501
2458897.6290393025 0.99604700 0.00749501
2458897.6291441517 0.99863598 0.00749501
2458897.6292488864 0.99412951 0.00749501
2458897.6293536006 0.99308832 0.00749501
2458897.6294583236 1.00397960 0.00749501
2458897.6295631560 1.00188443 0.00749501
2458897.6296678497 1.00005763 0.00749501
2458897.6297725416 1.00329601 0.00749501
2458897.6298772711 1.00126080 0.00749501
2458897.6299820631 0.99725679 0.00749501
2458897.6300868099 0.99186038 0.00749501
2458897.6301916055 0.99715937 0.00749501
2458897.6302960762 0.99094901 0.00749501
2458897.6304011964 0.99471677 0.00749501
2458897.6305058417 0.99510093 0.00749501
2458897.6306104111 0.99348757 0.00749501
2458897.6307151336 0.99890520 0.00749501
2458897.6308199186 1.00129841 0.00749501
2458897.6309247254 0.99922796 0.00749501
2458897.6310295607 1.00523944 0.00749501
2458897.6311342157 1.00095565 0.00749501
2458897.6312389732 1.00366477 0.00749501
2458897.6313436856 0.99878308 0.00749501
2458897.6314487387 0.99641711 0.00749501
2458897.6315534175 0.99567237 0.00749501
2458897.6316580069 0.99475521 0.00749501
2458897.6317625814 1.00278981 0.00749501
2458897.6318673003 0.99976648 0.00749501
2458897.6319719534 0.99490994 0.00749501
2458897.6320766127 0.99577203 0.00749501
2458897.6321809916 0.98682229 0.00749501
2458897.6322861481 0.99338076 0.00749501
2458897.6323908144 0.99922450 0.00749501
2458897.6324960086 0.99854095 0.00749501
2458897.6326007117 0.99371105 0.00749501
2458897.6327054496 0.99898607 0.00749501
2458897.6328103603 0.99843485 0.00749501
2458897.6329151681 0.99611877 0.00749501
2458897.6330199223 0.99606739 0.00749501
2458897.6331246640 1.00160303 0.00749501
2458897.6332295574 1.00332700 0.00749501
2458897.6333342930 1.00070998 0.00749501
2458897.6334388745 0.99897401 0.00749501
2458897.6335435235 0.99805184 0.00749501
2458897.6336481208 0.99685116 0.00749501
2458897.6337526818 1.00005074 0.00749501
2458897.6338574020 1.00238571 0.00749501
2458897.6339625963 0.99813187 0.00749501
2458897.6340675163 1.00207399 0.00749501
2458897.6341723814 1.00109516 0.00749501
2458897.6342767575 0.99089486 0.00749501
2458897.6343814572 1.00167835 0.00749501
2458897.6344859675 1.00528716 0.00749501
2458897.6345912428 0.99939138 0.00749501
2458897.6346958913 0.99757943 0.00749501
2458897.6348009780 0.99182792 0.00749501
2458897.6349056782 0.99914592 0.00749501
2458897.6350104315 0.99988650 0.00749501
2458897.6351151336 1.00272054 0.00749501
2458897.6352204666 0.99827171 0.00749501
2458897.6353252903 1.00803346 0.00749501
2458897.6354304240 1.00419794 0.00749501
2458897.6355356271 0.99961565 0.00749501
2458897.6356404559 0.99507252 0.00749501
2458897.6357454299 0.99534122 0.00749501
2458897.6358501883 1.00253017 0.00749501
2458897.6359548545 0.99710046 0.00749501
2458897.6360597624 0.99726486 0.00749501
2458897.6361646797 1.00213131 0.00749501
2458897.6362693310 1.00151727 0.00749501
2458897.6363738659 1.00016345 0.00749501
2458897.6364781554 1.00040545 0.00749501
2458897.6365834489 1.00090922 0.00749501
2458897.6366881602 0.99896782 0.00749501
2458897.6367928311 1.00045273 0.00749501
2458897.6368975942 0.99152079 0.00749501
2458897.6370024113 0.99315342 0.00749501
2458897.6371071669 0.99190246 0.00749501
2458897.6372119216 0.99324469 0.00749501
2458897.6373166442 0.99513214 0.00749501
2458897.6374213765 1.00212153 0.00749501
2458897.6375261196 1.00847141 0.00749501
2458897.6376314494 0.99983622 0.00749501
2458897.6377362525 1.00017735 0.00749501
2458897.6378411092 0.99907962 0.00749501
2458897.6379458359 0.99860874 0.00749501
2458897.6380505422 1.00283724 0.00749501
2458897.6381552583 0.99429451 0.00749501
2458897.6382600777 0.99863489 0.00749501
2458897.6383647486 1.00110738 0.00749501
2458897.6384695256 1.00323437 0.00749501
2458897.6385743027 0.99014822 0.00749501
2458897.6386790290 0.99689986 0.00749501
2458897.6387837804 1.00661333 0.00749501
2458897.6388883344 1.01045771 0.00749501
2458897.6389936241 0.99407100 0.00749501
2458897.6390986443 0.98966440 0.00749501
2458897.6392034562 0.99835018 0.00749501
2458897.6393081779 0.99063268 0.00749501
2458897.6394129773 0.98994537 0.00749501
2458897.6395177199 0.99982428 0.00749501
2458897.6396222822 1.00571197 0.00749501
2458897.6397269010 0.99847543 0.00749501
2458897.6398317469 1.00625253 0.00749501
2458897.6399363601 1.00150247 0.00749501
2458897.6400411781 1.00084860 0.00749501
2458897.6401459123 0.99778481 0.00749501
2458897.6402505455 0.99530426 0.00749501
2458897.6403553318 0.99632880 0.00749501
2458897.6404601359 0.99340483 0.00749501
2458897.6405650224 1.00200886 0.00749501
2458897.6406698194 0.98767576 0.00749501
2458897.6407745169 0.98920687 0.00749501
2458897.6408791202 0.99587794 0.00749501
2458897.6409838442 1.00077511 0.00749501
2458897.6410886250 0.98280132 0.00749501
2458897.6411933322 0.98963204 0.00749501
2458897.6412981069 0.99182155 0.00749501
2458897.6414029151 0.98879175 0.00749501
2458897.6415075683 0.98859132 0.00749501
2458897.6416123514 0.98610065 0.00749501
2458897.6417172253 0.99559988 0.00749501
2458897.6418217989 0.99625794 0.00749501
2458897.6419266341 0.99134442 0.00749501
2458897.6420315113 0.99722898 0.00749501
2458897.6421362981 0.99080692 0.00749501
2458897.6422410137 0.99061867 0.00749501
2458897.6423456124 0.98860074 0.00749501
2458897.6424503336 0.99299417 0.00749501
2458897.6425552000 1.01413203 0.00749501
2458897.6426599347 1.01741841 0.00749501
2458897.6427645381 1.01226241 0.00749501
2458897.6428689952 1.02291207 0.00749501
2458897.6429737913 1.01793640 0.00749501
2458897.6430785558 1.02483560 0.00749501
2458897.6431833319 1.00147304 0.00749501
2458897.6432881192 1.00991945 0.00749501
2458897.6433933950 1.00723842 0.00749501
2458897.6434980859 0.99807522 0.00749501
2458897.6436027042 0.99802701 0.00749501
2458897.6437073867 1.00097102 0.00749501
2458897.6438121065 1.00589814 0.00749501
2458897.6439168234 1.00451973 0.00749501
2458897.6440212196 1.00323632 0.00749501
2458897.6441257754 1.00467716 0.00749501
2458897.6442304933 1.00260549 0.00749501
2458897.6443352350 0.99483006 0.00749501
2458897.6444397997 0.98901440 0.00749501
2458897.6445447104 0.99666750 0.00749501
2458897.6446494507 1.00023687 0.00749501
2458897.6447541993 0.98975897 0.00749501
2458897.6448588497 0.99438090 0.00749501
2458897.6449636552 0.99443286 0.00749501
2458897.6450685379 0.99941558 0.00749501
2458897.6451731846 0.99993206 0.00749501
2458897.6452779337 0.99939945 0.00749501
2458897.6453827335 1.00026949 0.00749501
2458897.6454873839 0.99476693 0.00749501
2458897.6455922397 0.99358777 0.00749501
2458897.6456970950 1.00210960 0.00749501
2458897.6458020224 0.99965279 0.00749501
2458897.6459068274 1.00869667 0.00749501
2458897.6460116520 0.99741801 0.00749501
2458897.6461163666 1.00335324 0.00749501
2458897.6462212186 1.00958561 0.00749501
2458897.6463253149 0.99920284 0.00749501
2458897.6464300719 1.00160366 0.00749501
2458897.6465353821 1.00102725 0.00749501
2458897.6466401774 1.00776077 0.00749501
2458897.6467449814 1.00200961 0.00749501
2458897.6468497063 1.00034355 0.00749501
2458897.6469541364 1.00261048 0.00749501
2458897.6470588399 1.00022278 0.00749501
2458897.6471636421 1.00146889 0.00749501
2458897.6472684927 1.00901222 0.00749501
2458897.6473733555 0.99984973 0.00749501
2458897.6474781455 1.00324008 0.00749501
2458897.6475829952 1.00022967 0.00749501
2458897.6476876391 1.00299338 0.00749501
2458897.6477923645 0.99982597 0.00749501
2458897.6478972556 0.98814305 0.00749501
2458897.6480019693 0.98852144 0.00749501
2458897.6481070649 0.98704533 0.00749501
2458897.6482116510 0.99510652 0.00749501
2458897.6483163508 0.99347296 0.00749501
2458897.6484210053 1.00617778 0.00749501
2458897.6485258569 1.01015767 0.00749501
2458897.6486305636 1.00566219 0.00749501
2458897.6487352368 1.00978347 0.00749501
2458897.6488399981 1.01797658 0.00749501
2458897.6489447346 1.00801478 0.00749501
2458897.6490492425 1.00249914 0.00749501
2458897.6491540256 1.00272014 0.00749501
2458897.6492587817 0.99495903 0.00749501
2458897.6493636095 1.00125256 0.00749501
2458897.6494684783 1.00290002 0.00749501
2458897.6495732027 1.00038602 0.00749501
2458897.6496783504 0.99734876 0.00749501
2458897.6497832118 0.99692088 0.00749501
2458897.6498913122 0.99608788 0.00749501
2458897.6499961400 0.99673555 0.00749501
2458897.6501007620 0.99781453 0.00749501
2458897.6502055097 0.99377702 0.00749501
2458897.6503101820 0.99485658 0.00749501
2458897.6504146364 0.99133067 0.00749501
2458897.6505194809 0.99321723 0.00749501
2458897.6506241797 0.99963066 0.00749501
2458897.6507290085 1.00148534 0.00749501
2458897.6508338065 1.00220219 0.00749501
2458897.6509386268 0.99264959 0.00749501
2458897.6510434914 0.99763714 0.00749501
2458897.6511482177 0.99951914 0.00749501
2458897.6512530325 0.99680860 0.00749501
2458897.6513577010 1.00104878 0.00749501
2458897.6514625056 1.00671877 0.00749501
2458897.6515672514 1.00276657 0.00749501
2458897.6516720955 0.99600043 0.00749501
2458897.6517769177 1.00107241 0.00749501
2458897.6518815500 0.99896655 0.00749501
2458897.6519863596 0.99941171 0.00749501
2458897.6520910966 1.00916237 0.00749501
2458897.6521959333 0.99419759 0.00749501
2458897.6523008202 1.00237156 0.00749501
2458897.6524055535 1.00596321 0.00749501
2458897.6525104609 0.99499370 0.00749501
2458897.6526152510 0.99573641 0.00749501
2458897.6527199959 0.99743598 0.00749501
2458897.6528249774 0.99595552 0.00749501
2458897.6529300716 0.99725574 0.00749501
2458897.6530346894 1.00060363 0.00749501
2458897.6531394548 0.99788327 0.00749501
2458897.6532440707 1.00076182 0.00749501
2458897.6533487416 1.00279545 0.00749501
2458897.6534537594 0.99427261 0.00749501
2458897.6535584582 0.99958289 0.00749501
2458897.6536630779 1.00070882 0.00749501
2458897.6537675192 0.99882170 0.00749501
2458897.6538722902 1.00006945 0.00749501
2458897.6539770551 1.00294389 0.00749501
2458897.6540818969 0.99690868 0.00749501
2458897.6541865589 1.00037204 0.00749501
2458897.6542912843 1.00146855 0.00749501
2458897.6543959444 1.00232084 0.00749501
2458897.6545005874 1.00066778 0.00749501
2458897.6546053342 1.00078302 0.00749501
2458897.6547101885 1.00735857 0.00749501
2458897.6548149898 1.00244130 0.00749501
2458897.6549196611 1.00325362 0.00749501
2458897.6550241522 1.00356604 0.00749501
2458897.6551290005 1.00591846 0.00749501
2458897.6552337999 1.00397951 0.00749501
2458897.6553385025 1.00392203 0.00749501
2458897.6554431934 1.00235645 0.00749501
2458897.6555479495 1.00382393 0.00749501
2458897.6556526814 0.99814065 0.00749501
2458897.6557574840 0.99894737 0.00749501
2458897.6558620292 0.99518350 0.00749501
2458897.6559666372 1.00095494 0.00749501
2458897.6560716489 1.00009925 0.00749501
2458897.6561764972 0.99963263 0.00749501
2458897.6562811555 1.00229090 0.00749501
2458897.6563860318 1.00358930 0.00749501
2458897.6564907860 0.99792676 0.00749501
2458897.6565951793 0.99392551 0.00749501
2458897.6566998586 0.99421062 0.00749501
2458897.6568046468 0.99894965 0.00749501
2458897.6569092693 1.00135299 0.00749501
2458897.6570140007 1.00465087 0.00749501
2458897.6571187568 1.00253558 0.00749501
2458897.6572233229 1.00316189 0.00749501
2458897.6573284003 1.00185160 0.00749501
2458897.6574332193 1.00260902 0.00749501
2458897.6575384247 0.99840293 0.00749501
2458897.6576435030 0.99887241 0.00749501
2458897.6577481302 0.99987617 0.00749501
2458897.6578528485 1.00170647 0.00749501
2458897.6579576149 1.00271574 0.00749501
2458897.6580622103 1.00451042 0.00749501
2458897.6581669636 1.00265331 0.00749501
2458897.6582717509 0.99900120 0.00749501
2458897.6583765070 0.99689455 0.00749501
2458897.6584812636 1.00038587 0.00749501
2458897.6585859954 1.00853832 0.00749501
2458897.6586907124 1.00376413 0.00749501
2458897.6587955398 0.99595622 0.00749501
2458897.6589002837 1.00788303 0.00749501
2458897.6590054315 1.00144272 0.00749501
2458897.6591101317 1.00245858 0.00749501
2458897.6592147294 1.00064601 0.00749501
2458897.6593194059 1.00270719 0.00749501
2458897.6594245173 1.00609108 0.00749501
2458897.6595293097 0.99529035 0.00749501
2458897.6596339815 0.99852097 0.00749501
2458897.6597387469 1.00239588 0.00749501
2458897.6598433964 1.00181577 0.00749501
2458897.6599485395 1.01293877 0.00749501
2458897.6600532848 1.00686237 0.00749501
2458897.6601580237 1.00294085 0.00749501
2458897.6602627807 1.02060903 0.00749501
2458897.6603675466 1.01069153 0.00749501
2458897.6604723088 0.99401816 0.00749501
2458897.6605770634 0.98181908 0.00749501
2458897.6606818363 1.00012224 0.00749501
2458897.6607868997 1.00583122 0.00749501
2458897.6608917350 1.02274140 0.00749501
2458897.6609964767 1.03537217 0.00749501
2458897.6611011983 1.02147289 0.00749501
2458897.6612064284 1.01421065 0.00749501
2458897.6613112898 1.00537811 0.00749501
2458897.6614159164 1.00364283 0.00749501
2458897.6615206925 1.00741769 0.00749501
2458897.6616254942 1.00968614 0.00749501
2458897.6617303900 1.02270613 0.00749501
2458897.6618352099 1.01668956 0.00749501
2458897.6619399483 0.99507375 0.00749501
2458897.6620446024 0.99417453 0.00749501
2458897.6621491564 1.00546605 0.00749501
2458897.6622538026 0.99287158 0.00749501
2458897.6623585518 1.01128877 0.00749501
2458897.6624632906 1.00192188 0.00749501
2458897.6625679396 1.01080187 0.00749501
2458897.6626727837 1.01070344 0.00749501
2458897.6627775859 1.00062887 0.00749501
2458897.6628823481 1.01411525 0.00749501
2458897.6629870222 0.99930330 0.00749501
2458897.6630919031 1.00202759 0.00749501
2458897.6631967234 0.99602752 0.00749501
2458897.6633013147 0.99706735 0.00749501
2458897.6634061267 1.01721366 0.00749501
2458897.6635110057 1.00543175 0.00749501
2458897.6636155918 0.99364849 0.00749501
2458897.6637201100 1.00358843 0.00749501
2458897.6638249476 1.00726501 0.00749501
2458897.6639294457 1.00412800 0.00749501
2458897.6640343349 1.00796384 0.00749501
2458897.6641390016 1.00273857 0.00749501
2458897.6642437968 1.01514315 0.00749501
2458897.6643486591 1.01534857 0.00749501
2458897.6644534990 1.02054963 0.00749501
2458897.6645582630 1.02969108 0.00749501
2458897.6646628794 1.01313386 0.00749501
2458897.6647675983 1.04038477 0.00749501
2458897.6648724321 1.01343767 0.00749501
2458897.6649770471 1.00932197 0.00749501
2458897.6650817227 1.02758176 0.00749501
2458897.6651864559 1.00324383 0.00749501
2458897.6652909354 1.01148366 0.00749501
2458897.6653955169 0.99572973 0.00749501
2458897.6655004574 0.99380462 0.00749501
2458897.6656052037 0.99810718 0.00749501
2458897.6657096036 1.01317104 0.00749501
2458897.6658141832 0.99544083 0.00749501
2458897.6659188606 0.99775649 0.00749501
2458897.6660236907 0.99353294 0.00749501
2458897.6661284207 0.98810435 0.00749501
2458897.6662336490 0.99918751 0.00749501
2458897.6663383185 1.01265866 0.00749501
2458897.6664429968 0.99559105 0.00749501
2458897.6665477548 0.99266230 0.00749501
2458897.6666524899 0.99085697 0.00749501
2458897.6667569582 0.99421640 0.00749501
2458897.6668615951 1.00119563 0.00749501
2458897.6669663852 1.01645246 0.00749501
2458897.6670710286 1.00523233 0.00749501
2458897.6671756697 1.00776316 0.00749501
2458897.6672803834 0.99706741 0.00749501
2458897.6673850925 0.99901074 0.00749501
2458897.6674897568 0.99219197 0.00749501
2458897.6675945008 0.99795914 0.00749501
2458897.6676990143 1.00191888 0.00749501
2458897.6678038384 0.99892917 0.00749501
2458897.6679082275 1.00318595 0.00749501
2458897.6680129818 1.01506039 0.00749501
2458897.6681177113 1.00032098 0.00749501
2458897.6682230840 1.00681425 0.00749501
2458897.6683279690 1.00057787 0.00749501
2458897.6684327596 0.99340804 0.00749501
2458897.6685376465 0.99018193 0.00749501
2458897.6686422713 0.99660015 0.00749501
2458897.6687471191 0.99338459 0.00749501
2458897.6688518291 0.99036859 0.00749501
2458897.6689566988 0.99250242 0.00749501
2458897.6690614414 0.99411329 0.00749501
2458897.6691664187 0.99036771 0.00749501
2458897.6692711874 0.98396573 0.00749501
2458897.6693763039 1.00255222 0.00749501
2458897.6694810898 0.99735601 0.00749501
2458897.6695858017 0.99485049 0.00749501
2458897.6696904832 0.99694344 0.00749501
2458897.6697952719 0.99679322 0.00749501
2458897.6699005472 0.99484907 0.00749501
2458897.6700054379 0.99413199 0.00749501
2458897.6701101712 0.99300687 0.00749501
2458897.6702149268 0.99504059 0.00749501
2458897.6703197691 0.99348202 0.00749501
2458897.6704244795 0.99878299 0.00749501
2458897.6705292640 0.99382146 0.00749501
2458897.6706340690 0.99520302 0.00749501
2458897.6707387445 0.99790914 0.00749501
2458897.6708436939 0.99797406 0.00749501
2458897.6709484658 0.99406088 0.00749501
2458897.6710532568 0.99907935 0.00749501
2458897.6711580111 0.99795900 0.00749501
2458897.6712628636 1.00042017 0.00749501
2458897.6713681454 0.99413330 0.00749501
2458897.6714732544 0.99927384 0.00749501
2458897.6715780897 0.99057247 0.00749501
2458897.6716828360 0.99735528 0.00749501
2458897.6717875525 1.00019717 0.00749501
2458897.6718923035 0.99083656 0.00749501
2458897.6719971211 0.99917826 0.00749501
2458897.6721019265 1.00031880 0.00749501
2458897.6722066379 1.00029930 0.00749501
2458897.6723114303 1.00266574 0.00749501
2458897.6724161729 0.99850370 0.00749501
2458897.6725207721 0.99646144 0.00749501
2458897.6726255519 1.00275217 0.00749501
2458897.6727300105 1.00258271 0.00749501
2458897.6728345701 0.99879680 0.00749501
2458897.6729393667 0.99444092 0.00749501
2458897.6730438657 1.00119133 0.00749501
2458897.6731486619 1.00190969 0.00749501
2458897.6732532401 1.00117656 0.00749501
2458897.6733579026 0.99330322 0.00749501
2458897.6734626116 0.98582261 0.00749501
2458897.6735674161 1.00001492 0.00749501
2458897.6736720745 0.99936748 0.00749501
2458897.6737773977 1.00245166 0.00749501
2458897.6738820761 1.00396322 0.00749501
2458897.6739869695 1.00827836 0.00749501
2458897.6740918318 0.99076829 0.00749501
2458897.6741963709 0.99578077 0.00749501
2458897.6743013207 0.99397600 0.00749501
2458897.6744059492 0.99357621 0.00749501
2458897.6745110629 0.98541415 0.00749501
2458897.6746158241 0.99866306 0.00749501
2458897.6747204983 0.99203759 0.00749501
2458897.6748253475 1.00019403 0.00749501
2458897.6749300379 0.99882980 0.00749501
2458897.6750349766 0.98917566 0.00749501
2458897.6751398281 0.99774244 0.00749501
2458897.6752445986 0.99665635 0.00749501
2458897.6753493422 0.99327062 0.00749501
2458897.6754539502 0.99497616 0.00749501
2458897.6755586825 0.98794246 0.00749501
2458897.6756635257 0.99290974 0.00749501
2458897.6757680350 0.99326083 0.00749501
2458897.6758725299 0.99656291 0.00749501
2458897.6759776203 0.99904795 0.00749501
2458897.6760823973 1.00314453 0.00749501
2458897.6761870286 0.99519325 0.00749501
2458897.6762919230 0.99588459 0.00749501
2458897.6763966954 0.99514384 0.00749501
2458897.6765018506 0.99435923 0.00749501
2458897.6766064465 0.99190656 0.00749501
2458897.6767110871 1.00027678 0.00749501
2458897.6768165431 1.00475536 0.00749501
2458897.6769213490 1.00199722 0.00749501
2458897.6770261815 1.00665824 0.00749501
2458897.6771305981 1.00153997 0.00749501
2458897.6772351023 1.00142193 0.00749501
2458897.6773400414 0.99504839 0.00749501
2458897.6774446736 0.99820407 0.00749501
2458897.6775495894 0.99834727 0.00749501
2458897.6776540447 0.99895899 0.00749501
2458897.6777587836 0.99664186 0.00749501
2458897.6778636156 0.99585019 0.00749501
2458897.6779685444 0.98499662 0.00749501
2458897.6780732991 1.00260727 0.00749501
2458897.6781779914 1.00403972 0.00749501
2458897.6782827727 0.99387505 0.00749501
2458897.6783874738 0.99713855 0.00749501
2458897.6784921903 0.98558201 0.00749501
2458897.6785969259 0.99335531 0.00749501
2458897.6787017132 0.99185366 0.00749501
2458897.6788065066 0.99108843 0.00749501
2458897.6789112194 0.99751060 0.00749501
2458897.6790160593 0.99998621 0.00749501
2458897.6791207688 0.99306472 0.00749501
2458897.6792255300 0.99899919 0.00749501
2458897.6793302936 1.00625961 0.00749501
2458897.6794350785 1.00906732 0.00749501
2458897.6795399301 1.00024924 0.00749501
2458897.6796445944 0.99836196 0.00749501
2458897.6797493575 1.00096724 0.00749501
2458897.6798542314 0.99910089 0.00749501
2458897.6799588869 0.99354256 0.00749501
2458897.6800637734 1.00584497 0.00749501
2458897.6801685989 0.99356025 0.00749501
2458897.6802730891 0.98760014 0.00749501
2458897.6803778261 0.99843981 0.00749501
2458897.6804825850 1.00308778 0.00749501
2458897.6805876479 0.99664836 0.00749501
2458897.6806928511 1.00714809 0.00749501
2458897.6807975783 1.00571363 0.00749501
2458897.6809023302 1.00313796 0.00749501
2458897.6810070551 0.99801316 0.00749501
2458897.6811116133 1.00393290 0.00749501
2458897.6812163605 0.99912199 0.00749501
2458897.6813209201 1.00212481 0.00749501
2458897.6814256255 1.00167538 0.00749501
2458897.6815303867 0.99159046 0.00749501
2458897.6817398798 0.80241916 0.00749501
2458897.6818444990 1.00217948 0.00749501
2458897.6819490111 1.00692761 0.00749501
2458897.6820537336 1.00307552 0.00749501
2458897.6821585712 1.00636834 0.00749501
2458897.6822634693 0.99734102 0.00749501
2458897.6823679027 1.00043492 0.00749501
2458897.6824727007 1.00164471 0.00749501
2458897.6825778475 0.99294489 0.00749501
2458897.6826825826 0.98872589 0.00749501
2458897.6827873625 0.99641524 0.00749501
2458897.6828920953 0.99235243 0.00749501
2458897.6829969045 0.99670428 0.00749501
2458897.6831020541 0.99502742 0.00749501
2458897.6832070644 0.97436196 0.00749501
2458897.6833117325 0.98670648 0.00749501
2458897.6834165198 0.98844458 0.00749501
2458897.6835211990 0.98772792 0.00749501
2458897.6836258923 0.98496602 0.00749501
2458897.6837306418 0.99541710 0.00749501
2458897.6838356452 0.98409098 0.00749501
2458897.6839404455 0.99760082 0.00749501
2458897.6840451169 0.98707123 0.00749501
2458897.6841499754 1.00154777 0.00749501
2458897.6842550309 0.98897735 0.00749501
2458897.6843598052 1.00014746 0.00749501
2458897.6844644742 0.98383986 0.00749501
2458897.6845696545 0.98134554 0.00749501
2458897.6846745331 0.98125936 0.00749501
2458897.6847793255 0.96961895 0.00749501
2458897.6848841119 0.96123457 0.00749501
2458897.6849887292 0.96190238 0.00749501
2458897.6850936967 0.96980367 0.00749501
2458897.6851984952 0.97973845 0.00749501
2458897.6853039586 0.99176029 0.00749501
2458897.6854089219 0.97991739 0.00749501
2458897.6855137097 0.97634704 0.00749501
2458897.6856189575 0.99238867 0.00749501
2458897.6857235767 0.98914590 0.00749501
2458897.6858286546 1.00664103 0.00749501
2458897.6859334544 0.95543468 0.00749501
2458897.6860382152 0.98573242 0.00749501
2458897.6861427892 0.99154586 0.00749501
2458897.6862480394 0.98606468 0.00749501
2458897.6863527098 0.97583572 0.00749501
2458897.6864580121 1.01834778 0.00749501
2458897.6865629964 0.98200910 0.00749501
2458897.6866676812 0.99314225 0.00749501
2458897.6867723702 1.00911409 0.00749501
2458897.6868771343 1.00552238 0.00749501
2458897.6869816668 0.98812237 0.00749501
2458897.6870863042 1.00652251 0.00749501
2458897.6871907888 1.00767327 0.00749501
2458897.6872956534 0.98420441 0.00749501
2458897.6874002567 1.00002891 0.00749501
2458897.6875051153 1.00636375 0.00749501
2458897.6876098658 1.00053386 0.00749501
2458897.6877145371 1.00125982 0.00749501
2458897.6878192094 1.00945992 0.00749501
2458897.6879238244 0.99763716 0.00749501
2458897.6880284613 1.01404901 0.00749501
2458897.6881333035 0.99090894 0.00749501
2458897.6882379893 0.99538141 0.00749501
2458897.6883426453 0.98777736 0.00749501
2458897.6884474223 0.98895185 0.00749501
2458897.6885525156 0.99805020 0.00749501
2458897.6886570714 0.98656622 0.00749501
2458897.6887618331 0.99629185 0.00749501
2458897.6888666456 1.01213022 0.00749501
2458897.6889715903 1.00888813 0.00749501
2458897.6890764083 0.99695200 0.00749501
2458897.6891812305 0.99600583 0.00749501
2458897.6892862911 0.95453528 0.00749501
2458897.6893910170 0.99545468 0.00749501
2458897.6894957963 1.00492393 0.00749501
2458897.6896007010 0.99981633 0.00749501
2458897.6897057625 0.98682468 0.00749501
2458897.6898107487 1.00693414 0.00749501
2458897.6899154922 0.99483358 0.00749501
2458897.6900205980 0.99307087 0.00749501
2458897.6902301894 1.00737297 0.00749501
2458897.6903349836 0.99811204 0.00749501
2458897.6904396988 0.99258908 0.00749501
2458897.6905444097 0.98894785 0.00749501
2458897.6906492575 0.98722920 0.00749501
2458897.6907540141 0.99052848 0.00749501
2458897.6908587422 0.99052066 0.00749501
2458897.6909635398 0.99024210 0.00749501
2458897.6910685357 1.00345519 0.00749501
2458897.6911732978 1.00624919 0.00749501
2458897.6912780977 0.99486767 0.00749501
2458897.6913829348 0.99565204 0.00749501
2458897.6914874488 0.99750001 0.00749501
2458897.6915928074 1.02227599 0.00749501
2458897.6916977935 1.00352871 0.00749501
2458897.6918023345 1.00079645 0.00749501
2458897.6919072564 0.98594081 0.00749501
2458897.6920124008 0.99110992 0.00749501
2458897.6921172468 0.99348584 0.00749501
2458897.6922220904 0.97192697 0.00749501
2458897.6923268153 0.98638973 0.00749501
2458897.6924319770 1.01314056 0.00749501
2458897.6925367699 1.01068782 0.00749501
2458897.6926416229 1.02667213 0.00749501
2458897.6927462947 0.99287309 0.00749501
2458897.6928511206 0.99805789 0.00749501
2458897.6929561994 0.99117401 0.00749501
2458897.6930608875 1.01491674 0.00749501
2458897.6931656352 1.00754073 0.00749501
2458897.6932708859 0.99981480 0.00749501
2458897.6933757411 0.99526173 0.00749501
2458897.6934803398 1.00882548 0.00749501
2458897.6935851313 1.00124886 0.00749501
2458897.6936896862 0.98872611 0.00749501
2458897.6937944959 0.99660343 0.00749501
2458897.6938992287 0.98293342 0.00749501
2458897.6940040519 1.01929798 0.00749501
2458897.6941088606 1.00362398 0.00749501
2458897.6942138146 1.00597215 0.00749501
2458897.6943186019 0.99517427 0.00749501
2458897.6944233114 1.00070540 0.00749501
2458897.6945282798 1.01589754 0.00749501
2458897.6946328725 1.01122140 0.00749501
2458897.6947375783 0.99889880 0.00749501
2458897.6948428457 1.00119123 0.00749501
2458897.6949476455 1.02604554 0.00749501
2458897.6950523495 1.02089240 0.00749501
2458897.6951571200 1.01534696 0.00749501
2458897.6952620014 1.01437516 0.00749501
2458897.6953668408 1.00807563 0.00749501
2458897.6954717403 1.00917548 0.00749501
2458897.6955765798 1.00849100 0.00749501
2458897.6956815054 0.99829800 0.00749501
2458897.6957861851 1.00500720 0.00749501
2458897.6958911587 1.00121165 0.00749501
2458897.6959958882 0.99154607 0.00749501
2458897.6961005754 1.00272135 0.00749501
2458897.6962053152 0.99733005 0.00749501
2458897.6963101123 1.00351301 0.00749501
2458897.6964149005 1.00724615 0.00749501
2458897.6965198042 1.00055155 0.00749501
2458897.6966243582 1.00095928 0.00749501
2458897.6967292055 1.01382361 0.00749501
2458897.6968343402 0.99194451 0.00749501
2458897.6969390223 1.00239377 0.00749501
2458897.6970438049 1.00318214 0.00749501
2458897.6971485764 0.99938853 0.00749501
2458897.6972532612 1.01226528 0.00749501
2458897.6973580373 1.01044809 0.00749501
2458897.6974628656 1.00632194 0.00749501
2458897.6975678476 1.00605203 0.00749501
2458897.6976725874 1.00515707 0.00749501
2458897.6977773230 1.00236188 0.00749501
2458897.6978820078 0.99795143 0.00749501
2458897.6979868119 1.00581834 0.00749501
2458897.6980914911 1.00894402 0.00749501
2458897.6981962249 1.00263000 0.00749501
2458897.6983010322 1.01794348 0.00749501
2458897.6984057953 1.01450493 0.00749501
2458897.6985106063 1.00977136 0.00749501
2458897.6986154220 1.00976775 0.00749501
2458897.6987203150 0.99684034 0.00749501
2458897.6988251698 0.99160044 0.00749501
2458897.6989299874 0.99636686 0.00749501
2458897.6990346271 0.99262703 0.00749501
2458897.6991395294 0.99543116 0.00749501
2458897.6992444522 0.99834382 0.00749501
2458897.6993493047 1.00106829 0.00749501
2458897.6994541320 0.99802240 0.00749501
2458897.6995589999 1.00010031 0.00749501
2458897.6996637513 0.99847703 0.00749501
2458897.6997684576 1.00938506 0.00749501
2458897.6998732639 1.00461084 0.00749501
2458897.6999779823 1.00424612 0.00749501
2458897.7000826499 1.00228561 0.00749501
2458897.7001872803 1.00814320 0.00749501
2458897.7002922925 0.99095092 0.00749501
2458897.7003971115 0.98962412 0.00749501
2458897.7005018080 0.99277170 0.00749501
2458897.7006067652 0.99299316 0.00749501
2458897.7007115870 0.98805340 0.00749501
2458897.7008165270 1.00249646 0.00749501
2458897.7009214121 1.00592975 0.00749501
2458897.7010262082 1.01203516 0.00749501
2458897.7011311459 1.00991590 0.00749501
2458897.7012359407 1.00775368 0.00749501
2458897.7013407615 1.01015854 0.00749501
2458897.7014456247 1.00570285 0.00749501
2458897.7015504185 1.00564572 0.00749501
2458897.7016552510 1.00453274 0.00749501
2458897.7017600322 1.00926320 0.00749501
2458897.7018648125 1.00687338 0.00749501
2458897.7019694285 1.00403470 0.00749501
2458897.7020741045 1.00279680 0.00749501
2458897.7021788899 1.00376532 0.00749501
2458897.7022835654 1.00005639 0.00749501
2458897.7023883597 0.99703522 0.00749501
2458897.7024931707 1.00458898 0.00749501
2458897.7025977960 0.99750173 0.00749501
2458897.7027027234 0.99722822 0.00749501
2458897.7028074479 0.99836578 0.00749501
2458897.7029122701 0.99772181 0.00749501
2458897.7030170253 0.99328937 0.00749501
2458897.7031218018 0.99250363 0.00749501
2458897.7032262906 0.99684089 0.00749501
2458897.7033308996 0.99681541 0.00749501
2458897.7034356743 1.00859293 0.00749501
2458897.7035404900 1.00851204 0.00749501
2458897.7036452400 1.00612818 0.00749501
2458897.7037500129 1.00420930 0.00749501
2458897.7038544747 1.00659108 0.00749501
2458897.7039593430 0.99894232 0.00749501
2458897.7040644097 0.99320371 0.00749501
2458897.7041692063 1.00474731 0.00749501
2458897.7042745533 0.99495143 0.00749501
2458897.7043793099 1.00227942 0.00749501
2458897.7044840599 1.00514397 0.00749501
2458897.7045889059 1.00939032 0.00749501
2458897.7046937700 1.00300495 0.00749501
2458897.7047985853 1.00476952 0.00749501
2458897.7049034717 1.00931642 0.00749501
2458897.7050083023 1.00958350 0.00749501
2458897.7051131758 0.99798124 0.00749501
2458897.7052177405 0.99565218 0.00749501
2458897.7053225050 1.00068793 0.00749501
2458897.7054274743 0.99840170 0.00749501
2458897.7055323170 0.99935159 0.00749501
2458897.7056371300 1.00148282 0.00749501
2458897.7057417771 0.99789270 0.00749501
2458897.7058470603 1.00175649 0.00749501
2458897.7059520497 1.00386007 0.00749501
2458897.7060571518 1.00206520 0.00749501
2458897.7061620080 1.00436959 0.00749501
2458897.7062666761 1.00105517 0.00749501
2458897.7063712412 1.00311785 0.00749501
2458897.7064760462 1.00466736 0.00749501
2458897.7065808605 0.99915373 0.00749501
2458897.7066856176 1.00059796 0.00749501
2458897.7067903732 0.99989139 0.00749501
2458897.7068952187 0.99769312 0.00749501
2458897.7069999902 0.99654006 0.00749501
2458897.7071047109 1.00853935 0.00749501
2458897.7072096374 1.00831230 0.00749501
2458897.7073143204 1.00544234 0.00749501
2458897.7074189880 1.00889026 0.00749501
2458897.7075237571 1.00899562 0.00749501
2458897.7076286082 0.99980372 0.00749501
2458897.7077332330 0.99733140 0.00749501
2458897.7078379737 0.99735012 0.00749501
2458897.7079427131 1.00030016 0.00749501
2458897.7080473178 1.00200674 0.00749501
2458897.7081522979 0.99852345 0.00749501
2458897.7082569790 0.99871391 0.00749501
2458897.7083617523 1.00182769 0.00749501
2458897.7084665261 0.99917461 0.00749501
2458897.7085714010 1.00092501 0.00749501
2458897.7086762534 1.01147963 0.00749501
2458897.7087809290 1.00390227 0.00749501
2458897.7088857521 1.00425555 0.00749501
2458897.7089905879 1.00605542 0.00749501
2458897.7090954739 1.00239985 0.00749501
2458897.7092002868 0.99912364 0.00749501
2458897.7093050713 1.00289717 0.00749501
2458897.7094099452 1.00308599 0.00749501
2458897.7095146347 1.00615279 0.00749501
2458897.7096195668 0.99995655 0.00749501
2458897.7097244030 1.00391152 0.00749501
2458897.7098289751 1.00170744 0.00749501
2458897.7099337974 0.99862828 0.00749501
2458897.7100385646 1.00213922 0.00749501
2458897.7101430465 1.00382185 0.00749501
2458897.7102478803 1.00528691 0.00749501
2458897.7103526709 1.00587652 0.00749501
2458897.7104575871 1.00465601 0.00749501
2458897.7105624527 1.00173649 0.00749501
2458897.7106672209 1.00267410 0.00749501
2458897.7107717390 1.00476133 0.00749501
2458897.7108763414 1.00208136 0.00749501
2458897.7109811618 1.00081756 0.00749501
2458897.7110860399 1.00688038 0.00749501
2458897.7111912086 0.99986785 0.00749501
2458897.7112961542 0.99890677 0.00749501
2458897.7114008493 1.00090202 0.00749501
2458897.7115057716 1.00203684 0.00749501
2458897.7116107200 1.00081898 0.00749501
2458897.7117154086 0.99772007 0.00749501
2458897.7118203221 1.00616538 0.00749501
2458897.7119251117 1.00343421 0.00749501
2458897.7120302292 1.00210916 0.00749501
2458897.7121351240 1.00272021 0.00749501
2458897.7122401730 1.00145068 0.00749501
2458897.7123449841 1.00328101 0.00749501
2458897.7124496941 0.99887843 0.00749501
2458897.7125545391 1.00360313 0.00749501
2458897.7126597180 0.99930141 0.00749501
2458897.7127645561 0.99848842 0.00749501
2458897.7128689317 0.99689548 0.00749501
2458897.7129744375 0.99151976 0.00749501
2458897.7130792877 1.00011385 0.00749501
2458897.7131842179 0.99394282 0.00749501
2458897.7132890858 0.99215119 0.00749501
2458897.7133938200 0.99981762 0.00749501
2458897.7134982678 0.99602693 0.00749501
2458897.7136031338 1.00060653 0.00749501
2458897.7137086932 0.99869702 0.00749501
2458897.7138136411 1.00120103 0.00749501
2458897.7139182482 1.00614102 0.00749501
2458897.7140230937 1.00686716 0.00749501
2458897.7141279345 1.00862631 0.00749501
2458897.7142326823 1.00260291 0.00749501
2458897.7143375315 1.00066409 0.00749501
2458897.7144422536 1.00210560 0.00749501
2458897.7145470968 1.00158570 0.00749501
2458897.7146518673 0.99754110 0.00749501
2458897.7147566774 1.00749367 0.00749501
2458897.7148615671 1.00117864 0.00749501
2458897.7149663595 0.99777946 0.00749501
2458897.7150712176 1.00553410 0.00749501
2458897.7151760012 1.00407801 0.00749501
2458897.7152808229 1.00173341 0.00749501
2458897.7153854216 0.99588467 0.00749501
2458897.7154901805 1.00608739 0.00749501
2458897.7155948719 1.00586620 0.00749501
