2458897.5300377170 1.00555076 0.00556617
2458897.5301425746 0.99763263 0.00556617
2458897.5302474811 0.98951768 0.00556617
2458897.5303522069 0.99270037 0.00556617
2458897.5304570040 1.00147760 0.00556617
2458897.5305618704 0.99908184 0.00556617
2458897.5306666796 1.00076389 0.00556617
2458897.5307713826 1.01307083 0.00556617
2458897.5308762547 1.00633729 0.00556617
2458897.5309815099 1.00050414 0.00556617
2458897.5310863741 0.99814630 0.00556617
2458897.5311913271 0.99689436 0.00556617
2458897.5312961768 0.99494301 0.00556617
2458897.5314013208 1.00208118 0.00556617
2458897.5315066399 1.00315219 0.00556617
2458897.5316114272 0.99527518 0.00556617
2458897.5317165386 0.99589396 0.00556617
2458897.5318224612 0.99650518 0.00556617
2458897.5319270906 0.99410034 0.00556617
2458897.5320323105 1.00175596 0.00556617
2458897.5321369814 1.00037701 0.00556617
2458897.5322419074 1.00691066 0.00556617
2458897.5323466482 0.99605776 0.00556617
2458897.5324531333 0.99758656 0.00556617
2458897.5325579937 1.00277928 0.00556617
2458897.5326642534 0.99526711 0.00556617
2458897.5327690993 0.99146123 0.00556617
2458897.5328750098 0.99969263 0.00556617
2458897.5329802851 1.00022369 0.00556617
2458897.5330858105 1.00190475 0.00556617
2458897.5331912073 1.00132998 0.00556617
2458897.5332970652 1.00040346 0.00556617
2458897.5334018683 0.99873152 0.00556617
2458897.5335068582 1.00213217 0.00556617
2458897.5336118415 1.00072512 0.00556617
2458897.5337168910 1.00386705 0.00556617
2458897.5338227144 1.00340745 0.00556617
2458897.5339276865 0.99665617 0.00556617
2458897.5340328263 0.99504093 0.00556617
2458897.5341374450 1.00322271 0.00556617
2458897.5342422561 0.99246204 0.00556617
2458897.5343470392 0.99433966 0.00556617
2458897.5344520756 0.99994491 0.00556617
2458897.5345568587 1.00257806 0.00556617
2458897.5346617331 1.01070568 0.00556617
2458897.5347666056 0.99083284 0.00556617
2458897.5348715824 0.99461112 0.00556617
2458897.5349778719 0.99818360 0.00556617
2458897.5350830113 1.00185434 0.00556617
2458897.5351879438 0.99460759 0.00556617
2458897.5352932252 0.98960192 0.00556617
2458897.5353985145 0.99976987 0.00556617
2458897.5355033660 0.99951642 0.00556617
2458897.5356085463 1.00618089 0.00556617
2458897.5357131744 0.99737322 0.00556617
2458897.5358182793 0.99580406 0.00556617
2458897.5359233893 0.99924680 0.00556617
2458897.5360288098 0.99633679 0.00556617
2458897.5361335343 1.00258839 0.00556617
2458897.5362386224 0.99647798 0.00556617
2458897.5363438884 1.00074625 0.00556617
2458897.5364485285 1.00213259 0.00556617
2458897.5365537340 0.98813129 0.00556617
2458897.5366583546 1.00292117 0.00556617
2458897.5367630920 1.00471570 0.00556617
2458897.5368677443 0.99708262 0.00556617
2458897.5369729083 0.99805963 0.00556617
2458897.5370774162 0.99686575 0.00556617
2458897.5371820540 1.00836441 0.00556617
2458897.5372867384 1.00384868 0.00556617
2458897.5373918447 0.99809777 0.00556617
2458897.5374968401 1.01192272 0.00556617
2458897.5376014709 1.01100341 0.00556617
2458897.5377062010 1.00295569 0.00556617
2458897.5378107606 0.99120266 0.00556617
2458897.5379152568 0.99675913 0.00556617
2458897.5380200297 1.00564942 0.00556617
2458897.5381246852 0.99962312 0.00556617
2458897.5382293570 0.99326742 0.00556617
2458897.5383338905 0.99560254 0.00556617
2458897.5384385814 0.99786606 0.00556617
2458897.5385432523 1.01218674 0.00556617
2458897.5386479041 1.00517146 0.00556617
2458897.5387524827 1.00263580 0.00556617
2458897.5388571569 1.00457718 0.00556617
2458897.5389618725 1.00184640 0.00556617
2458897.5390666430 0.99195846 0.00556617
2458897.5391731719 0.99389920 0.00556617
2458897.5392778683 1.00142587 0.00556617
2458897.5393824847 1.00782246 0.00556617
2458897.5394870266 0.99366949 0.00556617
2458897.5395916211 1.00359643 0.00556617
2458897.5396961449 1.00637764 0.00556617
2458897.5398007487 0.99079266 0.00556617
2458897.5399053693 1.00519220 0.00556617
2458897.5400119610 0.99850528 0.00556617
2458897.5401166580 0.99382318 0.00556617
2458897.5402213582 1.00357366 0.00556617
2458897.5403259657 0.99644259 0.00556617
2458897.5404307325 1.00066459 0.00556617
2458897.5405354076 1.00577787 0.00556617
2458897.5406399271 1.00406116 0.00556617
2458897.5407446944 0.99486271 0.00556617
2458897.5408493704 1.00764940 0.00556617
2458897.5409539421 1.00153864 0.00556617
2458897.5410590675 1.00798100 0.00556617
2458897.5411637598 1.00080503 0.00556617
2458897.5412685173 1.00541838 0.00556617
2458897.5413731979 1.00084153 0.00556617
2458897.5414777552 1.00297021 0.00556617
2458897.5415823804 0.99108608 0.00556617
2458897.5416870285 0.99947590 0.00556617
2458897.5417919201 0.99795192 0.00556617
2458897.5418986636 1.00493501 0.00556617
2458897.5420033461 0.99780471 0.00556617
2458897.5421080352 1.00120940 0.00556617
2458897.5422125473 1.00793791 0.00556617
2458897.5423170933 0.99396066 0.00556617
2458897.5424223766 1.00145448 0.00556617
2458897.5425272495 0.99254456 0.00556617
2458897.5426319689 0.99761845 0.00556617
2458897.5427365205 0.99605266 0.00556617
2458897.5428411677 0.98489598 0.00556617
2458897.5429458590 1.00084758 0.00556617
2458897.5430505131 0.99363411 0.00556617
2458897.5431551477 1.00950500 0.00556617
2458897.5432598270 1.00158057 0.00556617
2458897.5433644820 1.01199755 0.00556617
2458897.5434691212 1.00169591 0.00556617
2458897.5435737236 1.00032006 0.00556617
2458897.5436783154 1.00155070 0.00556617
2458897.5437828028 0.99433206 0.00556617
2458897.5438890359 0.99683722 0.00556617
2458897.5439937562 1.00170030 0.00556617
2458897.5440983069 0.99399478 0.00556617
2458897.5442030351 1.00904416 0.00556617
2458897.5443078005 1.00268063 0.00556617
2458897.5444124425 0.99922028 0.00556617
2458897.5445171474 1.00483118 0.00556617
2458897.5446217689 1.00288075 0.00556617
2458897.5447264430 1.00515588 0.00556617
2458897.5448309742 1.00251016 0.00556617
2458897.5449355990 0.99723417 0.00556617
2458897.5450402694 0.98892270 0.00556617
2458897.5451449687 1.00066288 0.00556617
2458897.5452496060 0.99948249 0.00556617
2458897.5453541703 0.99952117 0.00556617
2458897.5454588626 1.00377337 0.00556617
2458897.5455634766 1.00183584 0.00556617
2458897.5456681862 0.99762549 0.00556617
2458897.5457728202 0.99947921 0.00556617
2458897.5458779004 1.01036363 0.00556617
2458897.5459824889 0.99355456 0.00556617
2458897.5460871910 1.00088837 0.00556617
2458897.5461916728 0.99694311 0.00556617
2458897.5462972391 1.00000632 0.00556617
2458897.5464019282 1.00594300 0.00556617
2458897.5465065981 1.00672564 0.00556617
2458897.5466112792 0.99863822 0.00556617
2458897.5467159781 0.98816694 0.00556617
2458897.5468207244 1.00107901 0.00556617
2458897.5469253724 0.99829651 0.00556617
2458897.5470299846 1.00203981 0.00556617
2458897.5471346201 1.01030080 0.00556617
2458897.5472389148 0.99250969 0.00556617
2458897.5473435703 1.00630383 0.00556617
2458897.5474482891 1.00193392 0.00556617
2458897.5475529288 0.99582785 0.00556617
2458897.5476578744 0.99987794 0.00556617
2458897.5477624186 1.00210812 0.00556617
2458897.5478669060 1.00349516 0.00556617
2458897.5479715359 0.99755677 0.00556617
2458897.5480761407 0.99240144 0.00556617
2458897.5481807268 0.99699291 0.00556617
2458897.5482854024 1.00407137 0.00556617
2458897.5483901659 0.99855417 0.00556617
2458897.5484947609 1.00069128 0.00556617
2458897.5485994043 1.00222591 0.00556617
2458897.5487054503 1.00049337 0.00556617
2458897.5488104271 1.00312471 0.00556617
2458897.5489150551 0.99435497 0.00556617
2458897.5490196333 1.00126486 0.00556617
2458897.5491242916 0.99394125 0.00556617
2458897.5492289546 1.00542695 0.00556617
2458897.5493335607 1.00026946 0.00556617
2458897.5494383229 1.00447954 0.00556617
2458897.5495430673 0.99543771 0.00556617
2458897.5496476628 1.00332736 0.00556617
2458897.5497521781 1.00561035 0.00556617
2458897.5498567135 0.99799963 0.00556617
2458897.5499618179 1.00029805 0.00556617
2458897.5500663589 1.00696746 0.00556617
2458897.5501711466 1.00064061 0.00556617
2458897.5502757761 0.99991199 0.00556617
2458897.5503805391 0.99283792 0.00556617
2458897.5504851728 0.99989626 0.00556617
2458897.5505897286 0.99538266 0.00556617
2458897.5506944177 1.00159177 0.00556617
2458897.5507991416 1.00543684 0.00556617
2458897.5509038246 1.00043854 0.00556617
2458897.5510089416 0.99834160 0.00556617
2458897.5511137899 1.01422083 0.00556617
2458897.5512184328 1.00003329 0.00556617
2458897.5513237412 1.00684407 0.00556617
2458897.5514286356 1.00124908 0.00556617
2458897.5515334252 1.00544334 0.00556617
2458897.5516383480 0.99964654 0.00556617
2458897.5517429626 1.00349853 0.00556617
2458897.5518475650 1.00498705 0.00556617
2458897.5519522894 1.00082407 0.00556617
2458897.5520569431 0.99923637 0.00556617
2458897.5521615972 1.00067066 0.00556617
2458897.5522662061 1.00199294 0.00556617
2458897.5523708984 1.00287145 0.00556617
2458897.5524755754 1.00526987 0.00556617
2458897.5525800730 1.00389337 0.00556617
2458897.5526846158 1.01106712 0.00556617
2458897.5527892527 0.99898642 0.00556617
2458897.5528939860 0.99788108 0.00556617
2458897.5529986313 0.99413785 0.00556617
2458897.5531031229 1.00164730 0.00556617
2458897.5532079409 0.98996847 0.00556617
2458897.5533125945 0.99712024 0.00556617
2458897.5534172440 0.99696988 0.00556617
2458897.5535220481 0.99567741 0.00556617
2458897.5536267064 1.00596610 0.00556617
2458897.5537313819 0.99539071 0.00556617
2458897.5538360910 1.00413892 0.00556617
2458897.5539415558 0.99787537 0.00556617
2458897.5540459990 1.00024204 0.00556617
2458897.5541516594 0.99658784 0.00556617
2458897.5542562343 1.00412070 0.00556617
2458897.5543608768 1.00357265 0.00556617
2458897.5544655561 0.99398945 0.00556617
2458897.5545702698 1.00000229 0.00556617
2458897.5546749653 1.00231431 0.00556617
2458897.5547796865 0.99655310 0.00556617
2458897.5548843378 0.99911951 0.00556617
2458897.5549889933 1.00414776 0.00556617
2458897.5550936870 0.99130599 0.00556617
2458897.5551983910 1.00897353 0.00556617
2458897.5553031182 0.99500174 0.00556617
2458897.5554079167 1.00219895 0.00556617
2458897.5555126234 1.00515521 0.00556617
2458897.5556173986 1.00177493 0.00556617
2458897.5557220862 0.99808766 0.00556617
2458897.5558266658 0.99688230 0.00556617
2458897.5559313563 1.00653428 0.00556617
2458897.5560359885 0.99985748 0.00556617
2458897.5561406557 0.99648298 0.00556617
2458897.5562452488 0.99921838 0.00556617
2458897.5563498875 0.99202778 0.00556617
2458897.5564545393 1.00141289 0.00556617
2458897.5565591818 1.00234888 0.00556617
2458897.5566635909 1.00175067 0.00556617
2458897.5567683261 0.99812535 0.00556617
2458897.5568730291 0.99860936 0.00556617
2458897.5569777074 1.00530518 0.00556617
2458897.5570823471 1.00690114 0.00556617
2458897.5571871488 0.99434469 0.00556617
2458897.5572917983 1.00620047 0.00556617
2458897.5573962964 0.99927081 0.00556617
2458897.5575009612 1.00438684 0.00556617
2458897.5576057034 1.00828765 0.00556617
2458897.5577104501 0.99737085 0.00556617
2458897.5578151653 0.99142749 0.00556617
2458897.5579198459 1.00183157 0.00556617
2458897.5580245452 1.00336120 0.00556617
2458897.5581293004 1.00158042 0.00556617
2458897.5582339470 1.00345913 0.00556617
2458897.5583384624 0.99648163 0.00556617
2458897.5584430234 1.00417661 0.00556617
2458897.5585476775 1.00601898 0.00556617
2458897.5586522711 0.99574947 0.00556617
2458897.5587568344 1.00077739 0.00556617
2458897.5588614866 1.00094605 0.00556617
2458897.5589660713 0.99139310 0.00556617
2458897.5590708866 0.99957569 0.00556617
2458897.5591756259 1.00757803 0.00556617
2458897.5592801711 0.99629386 0.00556617
2458897.5593848540 1.00239112 0.00556617
2458897.5594898174 1.00442184 0.00556617
2458897.5595945385 1.00237394 0.00556617
2458897.5596991014 1.00652308 0.00556617
2458897.5598038761 0.99578991 0.00556617
2458897.5599085065 1.00452311 0.00556617
2458897.5600131545 1.01305961 0.00556617
2458897.5601178240 1.00020726 0.00556617
2458897.5602237633 0.99637568 0.00556617
2458897.5603285260 1.00024265 0.00556617
2458897.5604331959 1.00098212 0.00556617
2458897.5605378468 1.00837074 0.00556617
2458897.5606423933 0.99928088 0.00556617
2458897.5607476812 1.00054227 0.00556617
2458897.5608521076 0.99411938 0.00556617
2458897.5609567668 1.00603855 0.00556617
2458897.5610615290 1.00159964 0.00556617
2458897.5611661877 1.00140895 0.00556617
2458897.5612709662 1.00942494 0.00556617
2458897.5613760627 0.99723581 0.00556617
2458897.5614806372 0.99792205 0.00556617
2458897.5615853337 1.00331216 0.00556617
2458897.5616899598 0.99607484 0.00556617
2458897.5617962764 0.99727541 0.00556617
2458897.5619008965 1.00431022 0.00556617
2458897.5620054645 0.99679184 0.00556617
2458897.5621101703 1.00247818 0.00556617
2458897.5622148472 0.99753681 0.00556617
2458897.5623194696 1.00576552 0.00556617
2458897.5624240888 1.00683796 0.00556617
2458897.5625287527 0.99366026 0.00556617
2458897.5626332592 0.99625769 0.00556617
2458897.5627379282 1.00192861 0.00556617
2458897.5628425372 0.99897948 0.00556617
2458897.5629470097 1.00476467 0.00556617
2458897.5630515967 1.00898064 0.00556617
2458897.5631562388 1.00343597 0.00556617
2458897.5632608919 1.00505858 0.00556617
2458897.5633656657 0.99907368 0.00556617
2458897.5634703324 0.99031153 0.00556617
2458897.5635751067 0.99669082 0.00556617
2458897.5636798083 0.99761913 0.00556617
2458897.5637845164 0.99620664 0.00556617
2458897.5638891617 0.99736294 0.00556617
2458897.5639939187 0.99526224 0.00556617
2458897.5640985584 1.00039371 0.00556617
2458897.5642032288 1.00844471 0.00556617
2458897.5643077279 1.00168994 0.00556617
2458897.5644124127 0.99655118 0.00556617
2458897.5645169667 1.00684673 0.00556617
2458897.5646216325 0.99261001 0.00556617
2458897.5647268398 0.99863437 0.00556617
2458897.5648313668 0.99698258 0.00556617
2458897.5649360684 1.00044562 0.00556617
2458897.5650408138 1.00682308 0.00556617
2458897.5651456239 1.00189497 0.00556617
2458897.5652503888 0.99692326 0.00556617
2458897.5653552255 0.99433405 0.00556617
2458897.5654599895 0.99953815 0.00556617
2458897.5655646538 0.99412317 0.00556617
2458897.5656696591 1.00026490 0.00556617
2458897.5657744496 0.99792528 0.00556617
2458897.5658791368 0.99624095 0.00556617
2458897.5659836112 1.00229195 0.00556617
2458897.5660883007 0.99500516 0.00556617
2458897.5661928970 0.99518130 0.00556617
2458897.5662975395 0.99419762 0.00556617
2458897.5664020400 1.00462396 0.00556617
2458897.5665067090 1.00539867 0.00556617
2458897.5666113752 1.00329025 0.00556617
2458897.5667159241 0.99225672 0.00556617
2458897.5668212436 0.99976090 0.00556617
2458897.5669259103 1.00136724 0.00556617
2458897.5670300424 1.00088141 0.00556617
2458897.5671348018 0.99221915 0.00556617
2458897.5672394806 0.99886909 0.00556617
2458897.5673444085 0.99855883 0.00556617
2458897.5674489583 0.98874160 0.00556617
2458897.5675535854 1.00208091 0.00556617
2458897.5676583387 1.00039165 0.00556617
2458897.5677633416 0.99775527 0.00556617
2458897.5678685359 0.99520430 0.00556617
2458897.5679732221 0.99915953 0.00556617
2458897.5680779889 1.00197822 0.00556617
2458897.5681824288 1.00426789 0.00556617
2458897.5682871738 1.00033327 0.00556617
2458897.5683918372 1.00634297 0.00556617
2458897.5684965621 1.00109063 0.00556617
2458897.5686010523 1.00551964 0.00556617
2458897.5687058452 1.00660445 0.00556617
2458897.5688103852 0.98559924 0.00556617
2458897.5689151306 0.99834649 0.00556617
2458897.5690198187 0.99771287 0.00556617
2458897.5691260216 0.99543515 0.00556617
2458897.5692306948 0.99738109 0.00556617
2458897.5693362169 1.00428551 0.00556617
2458897.5694407858 0.99737265 0.00556617
2458897.5695453356 0.99295058 0.00556617
2458897.5696501061 0.98897348 0.00556617
2458897.5697548171 1.00728325 0.00556617
2458897.5698591368 0.99832679 0.00556617
2458897.5699637285 0.99999721 0.00556617
2458897.5700684441 0.99612543 0.00556617
2458897.5701737264 1.00264524 0.00556617
2458897.5702783903 1.00486561 0.00556617
2458897.5703833392 0.99742356 0.00556617
2458897.5704879221 1.00925041 0.00556617
2458897.5705928151 1.00093904 0.00556617
2458897.5706976098 1.00655107 0.00556617
2458897.5708023272 0.99898310 0.00556617
2458897.5709085790 1.00467924 0.00556617
2458897.5710133789 0.99631729 0.00556617
2458897.5711179413 0.99985739 0.00556617
2458897.5712226080 0.99625006 0.00556617
2458897.5713272928 1.00797972 0.00556617
2458897.5714319032 0.99745448 0.00556617
2458897.5715373778 1.00210214 0.00556617
2458897.5716420286 0.99278997 0.00556617
2458897.5717467810 1.00377348 0.00556617
2458897.5718515287 0.99876565 0.00556617
2458897.5719562252 0.99314447 0.00556617
2458897.5720609589 1.00348546 0.00556617
2458897.5721656382 1.00438273 0.00556617
2458897.5722702546 0.99579692 0.00556617
2458897.5723752454 0.99275283 0.00556617
2458897.5724800373 0.99490896 0.00556617
2458897.5725846728 0.99371208 0.00556617
2458897.5726894331 0.99356796 0.00556617
2458897.5727941561 0.99868485 0.00556617
2458897.5728987767 1.00873142 0.00556617
2458897.5730035421 1.00278670 0.00556617
2458897.5731082773 1.00881880 0.00556617
2458897.5732131274 0.99582689 0.00556617
2458897.5733177355 1.00845524 0.00556617
2458897.5734225386 0.99954434 0.00556617
2458897.5735272495 1.00171354 0.00556617
2458897.5736319553 1.00598042 0.00556617
2458897.5737366755 0.99669881 0.00556617
2458897.5738414358 1.00301055 0.00556617
2458897.5739466860 0.99722873 0.00556617
2458897.5740514244 1.00138958 0.00556617
2458897.5741560422 0.99160385 0.00556617
2458897.5742606991 1.00090987 0.00556617
2458897.5743656307 0.99743640 0.00556617
2458897.5744703272 0.99738111 0.00556617
2458897.5745751495 0.99210657 0.00556617
2458897.5746799344 0.99320205 0.00556617
2458897.5747847809 0.99317313 0.00556617
2458897.5748896585 0.99880992 0.00556617
2458897.5749944211 0.99992754 0.00556617
2458897.5750990864 0.99775748 0.00556617
2458897.5752040613 1.00009933 0.00556617
2458897.5753087592 1.00233004 0.00556617
2458897.5754130813 1.00113778 0.00556617
2458897.5755177620 1.01412966 0.00556617
2458897.5756224855 0.99428232 0.00556617
2458897.5757272318 0.99103048 0.00556617
2458897.5758319185 1.00272181 0.00556617
2458897.5759373545 0.99735886 0.00556617
2458897.5760420733 0.99791098 0.00556617
2458897.5761467111 0.99644935 0.00556617
2458897.5762514132 0.99161910 0.00556617
2458897.5763559379 0.99699415 0.00556617
2458897.5764605296 0.99443507 0.00556617
2458897.5765652810 0.99758422 0.00556617
2458897.5766699663 1.00352164 0.00556617
2458897.5767748076 0.99817700 0.00556617
2458897.5768795591 1.00272294 0.00556617
2458897.5769844633 0.99389890 0.00556617
2458897.5770891728 0.99998961 0.00556617
2458897.5771940169 0.99814716 0.00556617
2458897.5772985877 0.99521117 0.00556617
2458897.5774036115 0.99479596 0.00556617
2458897.5775083276 1.00419774 0.00556617
2458897.5776129337 0.99801035 0.00556617
2458897.5777176926 1.00565982 0.00556617
2458897.5778223812 0.99765593 0.00556617
2458897.5779273072 0.99382891 0.00556617
2458897.5780320102 1.00447408 0.00556617
2458897.5781367025 1.00036468 0.00556617
2458897.5782414060 0.99906420 0.00556617
2458897.5783460960 0.99881386 0.00556617
2458897.5784506500 0.99314626 0.00556617
2458897.5785553697 0.98916214 0.00556617
2458897.5786606735 1.00135994 0.00556617
2458897.5787654039 0.99740314 0.00556617
2458897.5788701978 1.00689953 0.00556617
2458897.5789748742 0.99816939 0.00556617
2458897.5790795721 0.99490219 0.00556617
2458897.5791845662 0.99627319 0.00556617
2458897.5792893060 0.99644478 0.00556617
2458897.5793940942 0.99235153 0.00556617
2458897.5794987637 0.99445949 0.00556617
2458897.5796029163 1.00364781 0.00556617
2458897.5797076793 0.99458425 0.00556617
2458897.5798123172 1.00238179 0.00556617
2458897.5799171305 0.99410665 0.00556617
2458897.5800221264 0.99635560 0.00556617
2458897.5801268904 0.99376861 0.00556617
2458897.5802316386 1.00251235 0.00556617
2458897.5803363407 0.99730061 0.00556617
2458897.5804409976 0.99622241 0.00556617
2458897.5805456950 0.99407366 0.00556617
2458897.5806503161 0.99536753 0.00556617
2458897.5807549171 0.99934694 0.00556617
2458897.5808597617 0.99859111 0.00556617
2458897.5809645248 0.99364250 0.00556617
2458897.5810692860 0.99764910 0.00556617
2458897.5811739359 1.00297113 0.00556617
2458897.5812786594 0.99597542 0.00556617
2458897.5813833787 1.00231179 0.00556617
2458897.5814879197 0.99327650 0.00556617
2458897.5815925039 0.98869516 0.00556617
2458897.5816973094 0.99898663 0.00556617
2458897.5818019821 0.99586034 0.00556617
2458897.5819067270 0.99684194 0.00556617
2458897.5820114603 1.00329397 0.00556617
2458897.5821167808 0.99858349 0.00556617
2458897.5822214806 1.00058532 0.00556617
2458897.5823261417 0.99896659 0.00556617
2458897.5824309322 1.00049961 0.00556617
2458897.5825356171 1.00065084 0.00556617
2458897.5826403997 0.99503520 0.00556617
2458897.5827451763 0.99871045 0.00556617
2458897.5828498672 0.99221768 0.00556617
2458897.5829545879 0.99324742 0.00556617
2458897.5830593091 0.99505828 0.00556617
2458897.5831638970 0.99424360 0.00556617
2458897.5832685819 0.99561260 0.00556617
2458897.5833732346 0.98835444 0.00556617
2458897.5834779134 0.99706850 0.00556617
2458897.5835825452 0.99297832 0.00556617
2458897.5836872500 0.99557115 0.00556617
2458897.5837919954 0.98891724 0.00556617
2458897.5838968121 0.99913567 0.00556617
2458897.5840015053 0.99906704 0.00556617
2458897.5841062535 0.99419879 0.00556617
2458897.5842108880 0.99313803 0.00556617
2458897.5843153521 0.99595740 0.00556617
2458897.5844200724 0.99855044 0.00556617
2458897.5845248383 0.99928688 0.00556617
2458897.5846295441 0.99956628 0.00556617
2458897.5847341330 0.99663659 0.00556617
2458897.5848385864 1.00086273 0.00556617
2458897.5849431613 0.99546144 0.00556617
2458897.5850479235 0.99408712 0.00556617
2458897.5851525431 0.99255177 0.00556617
2458897.5852572992 0.99523118 0.00556617
2458897.5853616591 0.99548305 0.00556617
2458897.5854663830 0.99982205 0.00556617
2458897.5855721883 0.99648450 0.00556617
2458897.5856768903 0.99733111 0.00556617
2458897.5857842509 0.99514979 0.00556617
2458897.5858889134 0.99669262 0.00556617
2458897.5859936783 0.99886481 0.00556617
2458897.5860983487 1.00305867 0.00556617
2458897.5862028566 0.99734803 0.00556617
2458897.5863075373 1.00099461 0.00556617
2458897.5864122305 0.99995510 0.00556617
2458897.5865174006 0.99847351 0.00556617
2458897.5866220663 0.99145532 0.00556617
2458897.5867266394 1.00138417 0.00556617
2458897.5868311902 0.98651011 0.00556617
2458897.5869358499 0.99118663 0.00556617
2458897.5870403983 0.99965444 0.00556617
2458897.5871450016 0.99637214 0.00556617
2458897.5872495179 0.99697718 0.00556617
2458897.5873541911 0.99653441 0.00556617
2458897.5874590781 0.99862297 0.00556617
2458897.5875635892 0.99235159 0.00556617
2458897.5876683360 0.99922528 0.00556617
2458897.5877730958 0.99301829 0.00556617
2458897.5878777574 0.99136943 0.00556617
2458897.5879824874 0.99891518 0.00556617
2458897.5880870004 0.99740633 0.00556617
2458897.5881917058 0.99230130 0.00556617
2458897.5882964781 0.99600802 0.00556617
2458897.5884012599 0.99185025 0.00556617
2458897.5885059824 0.99525885 0.00556617
2458897.5886105318 0.99325632 0.00556617
2458897.5887151351 0.99896227 0.00556617
2458897.5888198963 0.98802334 0.00556617
2458897.5889243246 0.99878896 0.00556617
2458897.5890291198 0.99203377 0.00556617
2458897.5891338461 0.98804313 0.00556617
2458897.5892385561 0.98952252 0.00556617
2458897.5893432857 0.99407752 0.00556617
2458897.5894477507 0.99152199 0.00556617
2458897.5895525175 0.99848997 0.00556617
2458897.5896572475 0.98989657 0.00556617
2458897.5897618872 0.98674660 0.00556617
2458897.5898665963 0.99682832 0.00556617
2458897.5899713305 0.99824036 0.00556617
2458897.5900761150 0.99540111 0.00556617
2458897.5901807705 0.99503831 0.00556617
2458897.5902854432 0.99310848 0.00556617
2458897.5903900005 1.00044745 0.00556617
2458897.5904946811 0.99636564 0.00556617
2458897.5905993572 0.99674763 0.00556617
2458897.5907040439 0.99548035 0.00556617
2458897.5908087329 0.99561059 0.00556617
2458897.5909132827 0.99339294 0.00556617
2458897.5910179112 0.99448205 0.00556617
2458897.5911227721 0.99613639 0.00556617
2458897.5912273349 0.98983416 0.00556617
2458897.5913321506 1.00081159 0.00556617
2458897.5914368732 0.99676297 0.00556617
2458897.5915415552 0.99345751 0.00556617
2458897.5916463262 0.99370407 0.00556617
2458897.5917511713 0.99392255 0.00556617
2458897.5918558598 0.99996658 0.00556617
2458897.5919603775 0.99769206 0.00556617
2458897.5920649716 0.99296740 0.00556617
2458897.5921697943 0.99467551 0.00556617
2458897.5922746034 0.99609649 0.00556617
2458897.5923792161 0.99882375 0.00556617
2458897.5924839671 1.00039478 0.00556617
2458897.5925885630 0.98893662 0.00556617
2458897.5926938010 0.99094794 0.00556617
2458897.5927983895 0.99879943 0.00556617
2458897.5929031055 0.99579393 0.00556617
2458897.5930077923 0.99611822 0.00556617
2458897.5931124459 0.99563142 0.00556617
2458897.5932173920 0.99341961 0.00556617
2458897.5933221378 0.99764617 0.00556617
2458897.5934269461 0.99637626 0.00556617
2458897.5935317976 0.99534201 0.00556617
2458897.5936366129 0.98859774 0.00556617
2458897.5937413317 1.00006764 0.00556617
2458897.5938459579 0.99622421 0.00556617
2458897.5939505203 1.00353491 0.00556617
2458897.5940553918 0.99602661 0.00556617
2458897.5941604935 0.99326930 0.00556617
2458897.5942651834 0.99437848 0.00556617
2458897.5943698827 0.99326227 0.00556617
2458897.5944745638 0.99365528 0.00556617
2458897.5945792259 0.99369571 0.00556617
2458897.5946839475 0.99054773 0.00556617
2458897.5947887227 0.99504380 0.00556617
2458897.5948933559 1.00089633 0.00556617
2458897.5949980458 0.99586202 0.00556617
2458897.5951029379 0.99443874 0.00556617
2458897.5952075650 0.99559790 0.00556617
2458897.5953124599 0.99629463 0.00556617
2458897.5954172844 0.99587650 0.00556617
2458897.5955220228 0.99182070 0.00556617
2458897.5956267258 0.99701097 0.00556617
2458897.5957321832 0.99312569 0.00556617
2458897.5958369318 0.99790977 0.00556617
2458897.5959416181 0.99485666 0.00556617
2458897.5960461111 0.99904557 0.00556617
2458897.5961508695 0.99748297 0.00556617
2458897.5962555376 0.98790113 0.00556617
2458897.5963601330 0.99676861 0.00556617
2458897.5964649720 0.99597012 0.00556617
2458897.5965696881 0.99443306 0.00556617
2458897.5966740530 0.99370927 0.00556617
2458897.5967785441 0.99628747 0.00556617
2458897.5968832606 0.99523662 0.00556617
2458897.5969880540 0.99787984 0.00556617
2458897.5970927412 0.99209348 0.00556617
2458897.5971974214 0.99792491 0.00556617
2458897.5973022091 0.99687758 0.00556617
2458897.5974069275 0.99820525 0.00556617
2458897.5975118801 1.00079541 0.00556617
2458897.5976165859 0.99538770 0.00556617
2458897.5977213583 0.99493665 0.00556617
2458897.5978259994 0.98963422 0.00556617
2458897.5979307774 0.99505138 0.00556617
2458897.5980354440 0.99591409 0.00556617
2458897.5981402108 0.99734505 0.00556617
2458897.5982449027 0.99928321 0.00556617
2458897.5983496062 0.99826657 0.00556617
2458897.5984542328 0.99577243 0.00556617
2458897.5985590783 0.99459292 0.00556617
2458897.5986643899 0.99720798 0.00556617
2458897.5987691069 0.99433300 0.00556617
2458897.5988736688 0.99131343 0.00556617
2458897.5989795304 0.99294671 0.00556617
2458897.5990842334 0.99489054 0.00556617
2458897.5991889136 1.00120184 0.00556617
2458897.5992933866 1.00061846 0.00556617
2458897.5993981455 0.99581392 0.00556617
2458897.5995028764 0.99486483 0.00556617
2458897.5996076153 0.99073621 0.00556617
2458897.5997123187 0.99428709 0.00556617
2458897.5998168257 0.99308490 0.00556617
2458897.5999215944 0.99584215 0.00556617
2458897.6000262764 0.99585688 0.00556617
2458897.6001313552 0.99463518 0.00556617
2458897.6002360038 0.99764974 0.00556617
2458897.6003419752 0.99664153 0.00556617
2458897.6004466484 0.99655268 0.00556617
2458897.6005514087 1.00342273 0.00556617
2458897.6006564754 0.99852136 0.00556617
2458897.6007611998 0.99580869 0.00556617
2458897.6008659764 1.00001929 0.00556617
2458897.6009705453 0.98725909 0.00556617
2458897.6010752302 0.99275493 0.00556617
2458897.6011799006 0.99195835 0.00556617
2458897.6012845226 0.99627669 0.00556617
2458897.6013891376 0.99867906 0.00556617
2458897.6014938117 0.99524414 0.00556617
2458897.6015984421 0.99200911 0.00556617
2458897.6017031521 0.99555972 0.00556617
2458897.6018078038 0.99459260 0.00556617
2458897.6019122456 0.99942773 0.00556617
2458897.6020168965 0.99658327 0.00556617
2458897.6021215725 0.99801705 0.00556617
2458897.6022262191 0.99156886 0.00556617
2458897.6023315433 0.99748971 0.00556617
2458897.6024360121 0.99819214 0.00556617
2458897.6025407068 0.99654404 0.00556617
2458897.6026452854 0.99702397 0.00556617
2458897.6027499977 0.98746421 0.00556617
2458897.6028547115 0.99361923 0.00556617
2458897.6029595206 0.99546278 0.00556617
2458897.6030643973 0.99746783 0.00556617
2458897.6031691139 0.99364913 0.00556617
2458897.6032738616 0.99718368 0.00556617
2458897.6033784854 0.99782393 0.00556617
2458897.6034832438 0.99454926 0.00556617
2458897.6035879911 0.99340891 0.00556617
2458897.6036925940 0.98708448 0.00556617
2458897.6037973003 0.99310967 0.00556617
2458897.6039022752 0.99811553 0.00556617
2458897.6040070010 0.99246608 0.00556617
2458897.6041114777 1.00038287 0.00556617
2458897.6042161547 0.99518060 0.00556617
2458897.6043206523 0.99196768 0.00556617
2458897.6044252152 0.99521988 0.00556617
2458897.6045299564 0.99309097 0.00556617
2458897.6046347604 1.00137373 0.00556617
2458897.6047394788 0.99744190 0.00556617
2458897.6048444626 0.99572901 0.00556617
2458897.6049495456 0.98988992 0.00556617
2458897.6050541010 0.99519764 0.00556617
2458897.6051586894 0.99920660 0.00556617
2458897.6052634860 0.99549197 0.00556617
2458897.6053683381 0.99955255 0.00556617
2458897.6054730765 0.99410279 0.00556617
2458897.6055780356 0.99627692 0.00556617
2458897.6056826841 0.99438684 0.00556617
2458897.6057873932 0.99341264 0.00556617
2458897.6058921879 1.00016063 0.00556617
2458897.6059963014 0.99064983 0.00556617
2458897.6061010133 0.99363057 0.00556617
2458897.6062057004 0.99765795 0.00556617
2458897.6063105399 0.99461993 0.00556617
2458897.6064150915 0.99156758 0.00556617
2458897.6065198737 0.99089544 0.00556617
2458897.6066245139 0.99220968 0.00556617
2458897.6067292001 0.99685967 0.00556617
2458897.6068342910 0.99250923 0.00556617
2458897.6069396622 0.99631818 0.00556617
2458897.6070442433 0.99635941 0.00556617
2458897.6071488033 0.99576180 0.00556617
2458897.6072533778 0.99017057 0.00556617
2458897.6073577674 0.99175809 0.00556617
2458897.6074627303 0.99458723 0.00556617
2458897.6075673397 0.99369868 0.00556617
2458897.6076726625 0.99513398 0.00556617
2458897.6077774549 1.00080941 0.00556617
2458897.6078821109 1.00223575 0.00556617
2458897.6079875967 0.99890567 0.00556617
2458897.6080921800 0.99010650 0.00556617
2458897.6081968970 0.99593143 0.00556617
2458897.6083016377 0.99791567 0.00556617
2458897.6084064087 0.99764044 0.00556617
2458897.6085107112 0.99032311 0.00556617
2458897.6086156997 0.99885350 0.00556617
2458897.6087203608 0.99404643 0.00556617
2458897.6088253865 0.99567261 0.00556617
2458897.6089304928 0.99086435 0.00556617
2458897.6090351981 0.99853291 0.00556617
2458897.6091399621 1.00323645 0.00556617
2458897.6092446703 0.99303255 0.00556617
2458897.6093494319 0.99514065 0.00556617
2458897.6094541526 0.99857919 0.00556617
2458897.6095593288 0.99597759 0.00556617
2458897.6096641268 0.99476835 0.00556617
2458897.6097690105 0.99135897 0.00556617
2458897.6098737214 0.99513431 0.00556617
2458897.6099782181 0.99521509 0.00556617
2458897.6100828620 0.99190675 0.00556617
2458897.6101875552 0.99871819 0.00556617
2458897.6102922377 1.00303113 0.00556617
2458897.6103968956 0.99498930 0.00556617
2458897.6105018440 0.99499294 0.00556617
2458897.6106065782 0.99484493 0.00556617
2458897.6107128384 0.99244099 0.00556617
2458897.6108174706 0.99322694 0.00556617
2458897.6109220753 0.99916741 0.00556617
2458897.6110267127 0.99816213 0.00556617
2458897.6111313547 0.99627982 0.00556617
2458897.6112361574 0.98973015 0.00556617
2458897.6113408427 0.99448238 0.00556617
2458897.6114455131 0.99457165 0.00556617
2458897.6115501877 0.99627118 0.00556617
2458897.6116550653 0.98868188 0.00556617
2458897.6117598685 0.99809628 0.00556617
2458897.6118653030 0.99695908 0.00556617
2458897.6119699264 0.99377929 0.00556617
2458897.6120746434 0.99448499 0.00556617
2458897.6121792831 0.99361336 0.00556617
2458897.6122837393 0.98728759 0.00556617
2458897.6123882672 0.99394298 0.00556617
2458897.6124929669 0.99048672 0.00556617
2458897.6125976653 0.99895045 0.00556617
2458897.6127022956 0.99911662 0.00556617
2458897.6128069689 0.99531331 0.00556617
2458897.6129114055 0.99524469 0.00556617
2458897.6130160671 0.98970403 0.00556617
2458897.6131208213 0.99777405 0.00556617
2458897.6132254242 0.99639022 0.00556617
2458897.6133299144 0.99771773 0.00556617
2458897.6134346845 0.99227722 0.00556617
2458897.6135393404 0.99887659 0.00556617
2458897.6136440765 0.99518148 0.00556617
2458897.6137487888 0.99234401 0.00556617
2458897.6138534979 0.99522532 0.00556617
2458897.6139582093 0.99499466 0.00556617
2458897.6140627204 0.99540225 0.00556617
2458897.6141674239 0.99940051 0.00556617
2458897.6142719896 0.99897004 0.00556617
2458897.6143766660 0.99951449 0.00556617
2458897.6144813942 0.99430056 0.00556617
2458897.6145860744 0.99524498 0.00556617
2458897.6146907588 0.99926241 0.00556617
2458897.6147955996 0.99969062 0.00556617
2458897.6149000563 1.00094201 0.00556617
2458897.6150046377 0.98962102 0.00556617
2458897.6151095312 1.00237377 0.00556617
2458897.6152141318 0.99895641 0.00556617
2458897.6153186755 0.99907721 0.00556617
2458897.6154234144 0.99732699 0.00556617
2458897.6155281099 0.99109627 0.00556617
2458897.6156329447 0.99392063 0.00556617
2458897.6157378480 0.99540832 0.00556617
2458897.6158434502 0.99660575 0.00556617
2458897.6159481588 0.99796908 0.00556617
2458897.6160528143 0.99792223 0.00556617
2458897.6161575085 0.99414256 0.00556617
2458897.6162622245 0.99862120 0.00556617
2458897.6163668414 1.00141756 0.00556617
2458897.6164714214 0.99035245 0.00556617
2458897.6165763191 0.99587358 0.00556617
2458897.6166810426 0.99500169 0.00556617
2458897.6167856618 0.99620497 0.00556617
2458897.6168904221 0.99767608 0.00556617
2458897.6169950543 0.99353239 0.00556617
2458897.6170998374 0.99838206 0.00556617
2458897.6172049530 0.99458979 0.00556617
2458897.6173097147 1.00098048 0.00556617
2458897.6174143874 1.00006679 0.00556617
2458897.6175192655 1.00020068 0.00556617
2458897.6176235410 0.99854987 0.00556617
2458897.6177282082 1.00111758 0.00556617
2458897.6178331980 0.99661545 0.00556617
2458897.6179378917 0.99917850 0.00556617
2458897.6180426269 0.99615925 0.00556617
2458897.6181472805 1.00004486 0.00556617
2458897.6182521302 0.99001897 0.00556617
2458897.6183589515 0.99995976 0.00556617
2458897.6184636508 0.99986220 0.00556617
2458897.6185681457 0.99853263 0.00556617
2458897.6186728613 0.99779597 0.00556617
2458897.6187775955 1.00134747 0.00556617
2458897.6188821485 0.99640574 0.00556617
2458897.6189872115 0.99518046 0.00556617
2458897.6190928388 1.00280577 0.00556617
2458897.6191975162 1.00172471 0.00556617
2458897.6193029815 0.99543931 0.00556617
2458897.6194077013 1.00067309 0.00556617
2458897.6195129263 0.99617749 0.00556617
2458897.6196176475 1.00125478 0.00556617
2458897.6197222397 0.99320169 0.00556617
2458897.6198271858 0.99790195 0.00556617
2458897.6199322678 0.99638037 0.00556617
2458897.6200368921 0.99443387 0.00556617
2458897.6201415882 1.00221969 0.00556617
2458897.6202462977 0.99640608 0.00556617
2458897.6203508954 0.99751515 0.00556617
2458897.6204554513 0.99760881 0.00556617
2458897.6205600887 0.99450007 0.00556617
2458897.6206645072 0.99846653 0.00556617
2458897.6207690639 1.00105191 0.00556617
2458897.6208739146 0.99488252 0.00556617
2458897.6209784648 0.99622277 0.00556617
2458897.6210832521 0.99547682 0.00556617
2458897.6211881777 0.99666216 0.00556617
2458897.6212928747 1.00147966 0.00556617
2458897.6213975218 0.99588159 0.00556617
2458897.6215021908 0.99667192 0.00556617
2458897.6216073148 0.99403028 0.00556617
2458897.6217120499 0.99696875 0.00556617
2458897.6218165765 0.99908053 0.00556617
2458897.6219214089 0.99607486 0.00556617
2458897.6220262614 0.99406691 0.00556617
2458897.6221308429 1.00284387 0.00556617
2458897.6222355543 0.99469595 0.00556617
2458897.6223401697 0.99373895 0.00556617
2458897.6224447768 1.00056677 0.00556617
2458897.6225496097 0.99519178 0.00556617
2458897.6226546736 0.99558192 0.00556617
2458897.6227607317 0.99787450 0.00556617
2458897.6228654869 0.99820166 0.00556617
2458897.6229702071 0.99435222 0.00556617
2458897.6230749292 0.99799668 0.00556617
2458897.6231802283 0.99734888 0.00556617
2458897.6232849378 1.00188932 0.00556617
2458897.6233897754 0.99819059 0.00556617
2458897.6234971150 0.99350076 0.00556617
2458897.6236018627 0.99721939 0.00556617
2458897.6237065857 0.99300132 0.00556617
2458897.6238113288 0.99774136 0.00556617
2458897.6239160546 0.99480832 0.00556617
2458897.6240209043 0.99998401 0.00556617
2458897.6241253442 0.99743210 0.00556617
2458897.6242299303 0.99272946 0.00556617
2458897.6243346590 1.00211976 0.00556617
2458897.6244394039 0.99371958 0.00556617
2458897.6245442005 0.99730197 0.00556617
2458897.6246489333 0.99860600 0.00556617
2458897.6247536172 0.99787139 0.00556617
2458897.6248581703 0.99194768 0.00556617
2458897.6249629618 0.99706380 0.00556617
2458897.6250676219 0.99465779 0.00556617
2458897.6251723394 0.99859405 0.00556617
2458897.6252770824 1.00198380 0.00556617
2458897.6253818655 0.99720845 0.00556617
2458897.6254864577 1.00096632 0.00556617
2458897.6255912990 0.99177777 0.00556617
2458897.6256959080 0.99687938 0.00556617
2458897.6258005919 0.99580881 0.00556617
2458897.6259053084 1.00055967 0.00556617
2458897.6260099658 0.99589977 0.00556617
2458897.6261147102 0.99751568 0.00556617
2458897.6262194156 0.99648093 0.00556617
2458897.6263241232 0.99285740 0.00556617
2458897.6264289347 0.99408974 0.00556617
2458897.6265335674 0.99369335 0.00556617
2458897.6266382039 0.99866816 0.00556617
2458897.6267428859 0.99470460 0.00556617
2458897.6268476471 1.00078143 0.00556617
2458897.6269522649 0.99361826 0.00556617
2458897.6270569814 0.99649933 0.00556617
2458897.6271616919 0.99711819 0.00556617
2458897.6272664815 0.99678899 0.00556617
2458897.6273712330 0.99864988 0.00556617
2458897.6274758987 1.00226571 0.00556617
2458897.6275806567 0.99896042 0.00556617
2458897.6276854179 1.00003650 0.00556617
2458897.6277901274 0.99255904 0.00556617
2458897.6278948849 1.00017101 0.00556617
2458897.6279995465 0.99743072 0.00556617
2458897.6281043403 0.99759012 0.00556617
2458897.6282085497 0.99820160 0.00556617
2458897.6283132783 0.99569118 0.00556617
2458897.6284179157 0.99580244 0.00556617
2458897.6285225605 0.99392585 0.00556617
2458897.6286272625 0.99607464 0.00556617
2458897.6287327847 0.99738683 0.00556617
2458897.6288376064 0.99482033 0.00556617
2458897.6289422368 0.99182269 0.00556617
2458897.6290468974 0.99775049 0.00556617
2458897.6291516656 0.99938064 0.00556617
2458897.6292563700 0.99629083 0.00556617
2458897.6293611750 0.99581124 0.00556617
2458897.6294659595 0.99979840 0.00556617
2458897.6295705740 0.99716573 0.00556617
2458897.6296754074 0.99692835 0.00556617
2458897.6297800415 0.99974537 0.00556617
2458897.6298847892 0.99836406 0.00556617
2458897.6299895281 0.99801382 0.00556617
2458897.6300942260 0.99401049 0.00556617
2458897.6301994640 0.99677461 0.00556617
2458897.6303042066 0.99605778 0.00556617
2458897.6304088878 0.99593545 0.00556617
2458897.6305137067 0.99581447 0.00556617
2458897.6306183017 0.99569773 0.00556617
2458897.6307233567 0.99401332 0.00556617
2458897.6308279214 0.99848580 0.00556617
2458897.6309327059 0.99671097 0.00556617
2458897.6310375109 1.00368083 0.00556617
2458897.6311422936 0.99656416 0.00556617
2458897.6312470259 1.00151970 0.00556617
2458897.6313518076 0.99800664 0.00556617
2458897.6314566610 0.99663870 0.00556617
2458897.6315615424 0.99521272 0.00556617
2458897.6316662417 0.99366619 0.00556617
2458897.6317709484 1.00181097 0.00556617
2458897.6318757390 0.99802627 0.00556617
2458897.6319804606 0.99397077 0.00556617
2458897.6320852404 0.99625071 0.00556617
2458897.6321897050 0.99410650 0.00556617
2458897.6322946609 1.00131392 0.00556617
2458897.6323997802 1.00357845 0.00556617
2458897.6325045680 1.00126101 0.00556617
2458897.6326092803 0.99354187 0.00556617
2458897.6327138082 0.99882120 0.00556617
2458897.6328188335 0.99591312 0.00556617
2458897.6329234899 0.99575387 0.00556617
2458897.6330282204 0.99592760 0.00556617
2458897.6331328517 0.99720955 0.00556617
2458897.6332376101 1.00153580 0.00556617
2458897.6333423452 0.99754878 0.00556617
2458897.6334469668 0.99655764 0.00556617
2458897.6335516293 0.99501727 0.00556617
2458897.6336563369 0.99639721 0.00556617
2458897.6337609813 0.99589446 0.00556617
2458897.6338657783 0.99468404 0.00556617
2458897.6339705205 0.99462264 0.00556617
2458897.6340752728 0.99638387 0.00556617
2458897.6341799158 0.99600260 0.00556617
2458897.6342845690 0.99226745 0.00556617
2458897.6343891178 1.00174656 0.00556617
2458897.6344935708 0.99998274 0.00556617
2458897.6345983520 0.99782434 0.00556617
2458897.6347031924 0.99404425 0.00556617
2458897.6348079913 0.99074646 0.00556617
2458897.6349137467 0.99748413 0.00556617
2458897.6350186998 0.99618251 0.00556617
2458897.6351232217 0.99829093 0.00556617
2458897.6352278632 0.99841606 0.00556617
2458897.6353329178 1.00373953 0.00556617
2458897.6354383104 1.00095692 0.00556617
2458897.6355431741 0.99782542 0.00556617
2458897.6356476829 0.99453580 0.00556617
2458897.6357524488 0.99529374 0.00556617
2458897.6358572762 0.99918703 0.00556617
2458897.6359619782 0.99805278 0.00556617
2458897.6360666850 0.99778184 0.00556617
2458897.6361714513 1.00108590 0.00556617
2458897.6362761967 0.99779249 0.00556617
2458897.6363812406 0.99400671 0.00556617
2458897.6364857024 0.99246429 0.00556617
2458897.6365903448 0.99994543 0.00556617
2458897.6366953505 0.99724778 0.00556617
2458897.6368001350 1.00330392 0.00556617
2458897.6369048622 0.99615018 0.00556617
2458897.6370095937 0.99915970 0.00556617
2458897.6371143111 0.99896813 0.00556617
2458897.6372188898 0.99847241 0.00556617
2458897.6373246727 1.00182003 0.00556617
2458897.6374293836 0.99792266 0.00556617
2458897.6375339730 1.00635617 0.00556617
2458897.6376387211 1.00104398 0.00556617
2458897.6377434917 0.99592494 0.00556617
2458897.6378484084 0.99511707 0.00556617
2458897.6379530686 0.99758890 0.00556617
2458897.6380578629 0.99835344 0.00556617
2458897.6381626008 0.99102285 0.00556617
2458897.6382680479 0.99491178 0.00556617
2458897.6383727891 0.99799107 0.00556617
2458897.6384775187 0.99857309 0.00556617
2458897.6385822319 0.98916779 0.00556617
2458897.6386868362 0.98962414 0.00556617
2458897.6387916030 1.00001034 0.00556617
2458897.6388959633 0.99993382 0.00556617
2458897.6390007464 0.99594008 0.00556617
2458897.6391060762 0.99307364 0.00556617
2458897.6392112453 0.99898102 0.00556617
2458897.6393159823 0.99515028 0.00556617
2458897.6394208292 0.99445972 0.00556617
2458897.6395256706 0.99403939 0.00556617
2458897.6396304276 1.00088416 0.00556617
2458897.6397352112 0.99744572 0.00556617
2458897.6398395360 0.99859730 0.00556617
2458897.6399441953 0.99664134 0.00556617
2458897.6400488680 0.99192135 0.00556617
2458897.6401535389 0.98997289 0.00556617
2458897.6402582736 0.98607637 0.00556617
2458897.6403630148 0.99086455 0.00556617
2458897.6404676707 0.99080450 0.00556617
2458897.6405723356 0.99803371 0.00556617
2458897.6406769459 0.98182024 0.00556617
2458897.6407817476 0.98443734 0.00556617
2458897.6408860576 0.98966870 0.00556617
2458897.6409914829 0.98555824 0.00556617
2458897.6410962408 0.98311992 0.00556617
2458897.6412008675 0.98947158 0.00556617
2458897.6413056087 0.98955107 0.00556617
2458897.6414105692 0.98498423 0.00556617
2458897.6415152876 0.99721177 0.00556617
2458897.6416200432 0.99469925 0.00556617
2458897.6417248850 1.00037827 0.00556617
2458897.6418300038 0.99677945 0.00556617
2458897.6419346258 0.99208023 0.00556617
2458897.6420393190 1.00254105 0.00556617
2458897.6421440500 0.99403496 0.00556617
2458897.6422487888 0.98627351 0.00556617
2458897.6423532823 0.99529207 0.00556617
2458897.6424580305 0.99279621 0.00556617
2458897.6425627978 1.01600959 0.00556617
2458897.6426679911 1.02106747 0.00556617
2458897.6427727640 1.00919657 0.00556617
2458897.6428776341 1.01561546 0.00556617
2458897.6429824601 1.01083854 0.00556617
2458897.6430872148 1.01905929 0.00556617
2458897.6431920002 1.00335499 0.00556617
2458897.6432967852 1.01243007 0.00556617
2458897.6434021848 1.01010903 0.00556617
2458897.6435069167 1.00058807 0.00556617
2458897.6436116435 0.99886287 0.00556617
2458897.6437163106 0.99701239 0.00556617
2458897.6438210211 1.00255301 0.00556617
2458897.6439255965 0.99522971 0.00556617
2458897.6440303829 0.99865089 0.00556617
2458897.6441349462 1.00045001 0.00556617
2458897.6442395486 0.99821073 0.00556617
2458897.6443443098 0.99231449 0.00556617
2458897.6444490887 0.99073117 0.00556617
2458897.6445537442 0.99376896 0.00556617
2458897.6446584896 1.00010273 0.00556617
2458897.6447631996 1.00048615 0.00556617
2458897.6448679152 1.00624426 0.00556617
2458897.6449725432 1.00035594 0.00556617
2458897.6450772719 0.99529008 0.00556617
2458897.6451819623 0.99559511 0.00556617
2458897.6452866597 0.99952553 0.00556617
2458897.6453913660 0.99422254 0.00556617
2458897.6454960704 0.99063455 0.00556617
2458897.6456007776 0.99377997 0.00556617
2458897.6457055523 1.00009832 0.00556617
2458897.6458101403 0.99432962 0.00556617
2458897.6459149052 1.00481615 0.00556617
2458897.6460195980 0.99677708 0.00556617
2458897.6461242703 0.99864996 0.00556617
2458897.6462293016 1.00577320 0.00556617
2458897.6463336805 0.99658291 0.00556617
2458897.6464383025 1.00118132 0.00556617
2458897.6465429738 0.99691048 0.00556617
2458897.6466476652 1.00345824 0.00556617
2458897.6467525815 0.99658289 0.00556617
2458897.6468573520 0.99228847 0.00556617
2458897.6469618808 1.00254147 0.00556617
2458897.6470666500 0.99798448 0.00556617
2458897.6471726797 0.99853410 0.00556617
2458897.6472773971 1.00588951 0.00556617
2458897.6473821802 0.99226710 0.00556617
2458897.6474869112 0.99274846 0.00556617
2458897.6475916030 0.99154610 0.00556617
2458897.6476964210 0.99945184 0.00556617
2458897.6478011394 0.99259223 0.00556617
2458897.6479061791 1.00060312 0.00556617
2458897.6480107796 0.99326541 0.00556617
2458897.6481154538 0.99319606 0.00556617
2458897.6482202648 0.99599958 0.00556617
2458897.6483249571 1.00152528 0.00556617
2458897.6484297793 0.99962451 0.00556617
2458897.6485342542 1.00418349 0.00556617
2458897.6486390727 1.00161462 0.00556617
2458897.6487439149 1.00707371 0.00556617
2458897.6488486817 1.01688560 0.00556617
2458897.6489536134 1.00342850 0.00556617
2458897.6490582884 1.00015143 0.00556617
2458897.6491629831 0.99866810 0.00556617
2458897.6492677433 0.99457679 0.00556617
2458897.6493724138 0.99670889 0.00556617
2458897.6494771442 0.99693294 0.00556617
2458897.6495820391 0.99526798 0.00556617
2458897.6496866429 0.99598205 0.00556617
2458897.6497914242 0.99602447 0.00556617
2458897.6498961370 1.00037622 0.00556617
2458897.6500012008 1.00158896 0.00556617
2458897.6501058452 1.00006245 0.00556617
2458897.6502103461 1.00033681 0.00556617
2458897.6503150631 1.00280878 0.00556617
2458897.6504197088 0.99675568 0.00556617
2458897.6505255136 0.99333566 0.00556617
2458897.6506303009 0.99849687 0.00556617
2458897.6507350812 1.00355040 0.00556617
2458897.6508400231 1.00372929 0.00556617
2458897.6509448658 0.99622139 0.00556617
2458897.6510508549 0.99310580 0.00556617
2458897.6511555202 0.99911182 0.00556617
2458897.6512601557 0.99228321 0.00556617
2458897.6513654506 0.99837936 0.00556617
2458897.6514702220 0.99967319 0.00556617
2458897.6515754773 1.00422372 0.00556617
2458897.6516801547 0.99703668 0.00556617
2458897.6517849513 0.99867497 0.00556617
2458897.6518896576 0.99649505 0.00556617
2458897.6519943425 1.00058922 0.00556617
2458897.6520990981 1.00474965 0.00556617
2458897.6522038095 0.99385550 0.00556617
2458897.6523085707 1.00106646 0.00556617
2458897.6524132830 1.00080472 0.00556617
2458897.6525180135 0.99702790 0.00556617
2458897.6526232352 0.99718169 0.00556617
2458897.6527279071 0.99786877 0.00556617
2458897.6528326375 0.99895056 0.00556617
2458897.6529372763 0.99179118 0.00556617
2458897.6530420231 0.99874516 0.00556617
2458897.6531466469 0.99894641 0.00556617
2458897.6532526878 1.00361008 0.00556617
2458897.6533574560 1.00562762 0.00556617
2458897.6534624137 0.99716679 0.00556617
2458897.6535674185 1.00081641 0.00556617
2458897.6536722202 0.99919273 0.00556617
2458897.6537769814 0.99629941 0.00556617
2458897.6538818348 0.99556832 0.00556617
2458897.6539864647 0.99970715 0.00556617
2458897.6540911770 0.99331646 0.00556617
2458897.6541957441 1.00154274 0.00556617
2458897.6543005197 1.00042188 0.00556617
2458897.6544052223 1.00010438 0.00556617
2458897.6545098764 0.99757935 0.00556617
2458897.6546145366 0.99675130 0.00556617
2458897.6547192778 1.00120368 0.00556617
2458897.6548239738 0.99359607 0.00556617
2458897.6549283518 0.99735934 0.00556617
2458897.6550330827 0.99648729 0.00556617
2458897.6551378299 0.99861950 0.00556617
2458897.6552424938 1.00076644 0.00556617
2458897.6553472704 0.99912609 0.00556617
2458897.6554519609 1.00098500 0.00556617
2458897.6555566494 0.99894972 0.00556617
2458897.6556613767 0.99470332 0.00556617
2458897.6557661723 0.99678459 0.00556617
2458897.6558710216 0.99792186 0.00556617
2458897.6559758713 0.99884964 0.00556617
2458897.6560806311 0.99573850 0.00556617
2458897.6561853345 0.99599064 0.00556617
2458897.6562900944 0.99971734 0.00556617
2458897.6563948346 1.00008063 0.00556617
2458897.6564996648 0.99978324 0.00556617
2458897.6566045010 0.99772279 0.00556617
2458897.6567092771 0.99587537 0.00556617
2458897.6568140835 0.99407877 0.00556617
2458897.6569189448 0.99753194 0.00556617
2458897.6570236767 0.99966275 0.00556617
2458897.6571284123 0.99907247 0.00556617
2458897.6572331712 1.00068094 0.00556617
2458897.6573375780 1.00048907 0.00556617
2458897.6574424142 1.00077375 0.00556617
2458897.6575471871 0.99885602 0.00556617
2458897.6576518589 0.99619013 0.00556617
2458897.6577563933 0.99847727 0.00556617
2458897.6578611778 0.99977089 0.00556617
2458897.6579659507 0.99725598 0.00556617
2458897.6580707538 0.99990864 0.00556617
2458897.6581754764 1.00254423 0.00556617
2458897.6582801826 0.99282538 0.00556617
2458897.6583848111 0.99403717 0.00556617
2458897.6584894629 1.00324180 0.00556617
2458897.6585941385 1.00489871 0.00556617
2458897.6586987018 1.00217154 0.00556617
2458897.6588034863 0.99837322 0.00556617
2458897.6589082819 1.00526659 0.00556617
2458897.6590131368 1.00184278 0.00556617
2458897.6591180381 1.00118516 0.00556617
2458897.6592228469 0.99872505 0.00556617
2458897.6593274944 1.00216950 0.00556617
2458897.6594321998 0.99673340 0.00556617
2458897.6595370248 0.99844918 0.00556617
2458897.6596417762 0.99471408 0.00556617
2458897.6597465714 1.00175439 0.00556617
2458897.6598515972 1.00294108 0.00556617
2458897.6599563863 1.00740243 0.00556617
2458897.6600611345 1.00515485 0.00556617
2458897.6601659148 1.00037887 0.00556617
2458897.6602706616 1.01380742 0.00556617
2458897.6603757269 1.00649182 0.00556617
2458897.6604803693 0.99443606 0.00556617
2458897.6605850765 0.98523986 0.00556617
2458897.6606899328 0.99537293 0.00556617
2458897.6607945240 1.00365513 0.00556617
2458897.6608990659 1.02085367 0.00556617
2458897.6610037866 1.02640284 0.00556617
2458897.6611084766 1.01430059 0.00556617
2458897.6612132178 1.01150804 0.00556617
2458897.6613179073 1.00391427 0.00556617
2458897.6614225036 0.99623524 0.00556617
2458897.6615270628 1.00584726 0.00556617
2458897.6616318305 1.00423559 0.00556617
2458897.6617365717 1.01930520 0.00556617
2458897.6618413487 1.01177393 0.00556617
2458897.6619462175 0.98916209 0.00556617
2458897.6620512321 0.99576233 0.00556617
2458897.6621572822 1.00943233 0.00556617
2458897.6622619634 1.00175914 0.00556617
2458897.6623667218 1.00746425 0.00556617
2458897.6624714904 1.00872332 0.00556617
2458897.6625761972 1.00753813 0.00556617
2458897.6626810413 1.01001812 0.00556617
2458897.6627857429 0.99901995 0.00556617
2458897.6628904021 1.01951760 0.00556617
2458897.6629950190 0.99075300 0.00556617
2458897.6630997006 0.99326572 0.00556617
2458897.6632044301 0.99272233 0.00556617
2458897.6633092384 0.99405020 0.00556617
2458897.6634139558 1.02135258 0.00556617
2458897.6635185089 0.99908296 0.00556617
2458897.6636230140 0.99828052 0.00556617
2458897.6637275969 1.00310268 0.00556617
2458897.6638322980 1.00959610 0.00556617
2458897.6639373889 0.99975561 0.00556617
2458897.6640421413 1.01267832 0.00556617
2458897.6641470231 1.00209426 0.00556617
2458897.6642514206 1.01493504 0.00556617
2458897.6643560566 1.01169631 0.00556617
2458897.6644609440 1.02364633 0.00556617
2458897.6645655688 1.02489817 0.00556617
2458897.6646701563 1.00757737 0.00556617
2458897.6647747564 1.03106083 0.00556617
2458897.6648794189 1.00604193 0.00556617
2458897.6649848665 1.00892044 0.00556617
2458897.6650903360 1.02460624 0.00556617
2458897.6651948965 1.01068635 0.00556617
2458897.6652994524 1.01527003 0.00556617
2458897.6654042080 1.00633223 0.00556617
2458897.6655089753 1.00402931 0.00556617
2458897.6656137360 1.00586229 0.00556617
2458897.6657185052 1.01014259 0.00556617
2458897.6658232487 0.99466854 0.00556617
2458897.6659280430 1.00420732 0.00556617
2458897.6660329476 0.99888479 0.00556617
2458897.6661376897 0.99503135 0.00556617
2458897.6662425292 1.00410509 0.00556617
2458897.6663472387 1.00970888 0.00556617
2458897.6664520409 0.99653122 0.00556617
2458897.6665567975 0.99051676 0.00556617
2458897.6666614716 0.99012163 0.00556617
2458897.6667662887 0.99556320 0.00556617
2458897.6668709680 1.00378059 0.00556617
2458897.6669756467 1.01061530 0.00556617
2458897.6670804638 1.00167396 0.00556617
2458897.6671852567 1.00403980 0.00556617
2458897.6672900999 0.99214960 0.00556617
2458897.6673948313 0.99511587 0.00556617
2458897.6674996605 0.99055407 0.00556617
2458897.6676042690 0.99699902 0.00556617
2458897.6677092109 1.00087230 0.00556617
2458897.6678140168 1.00417364 0.00556617
2458897.6679188185 0.99531824 0.00556617
2458897.6680235527 1.01507681 0.00556617
2458897.6681283442 0.99866409 0.00556617
2458897.6682332177 1.00792365 0.00556617
2458897.6683380464 1.00463509 0.00556617
2458897.6684429026 0.99770463 0.00556617
2458897.6685476513 0.99692722 0.00556617
2458897.6686523026 0.99724272 0.00556617
2458897.6687571071 0.99399168 0.00556617
2458897.6688616746 0.99730932 0.00556617
2458897.6689665485 1.00242109 0.00556617
2458897.6690712860 1.00498389 0.00556617
2458897.6691758744 0.99485546 0.00556617
2458897.6692808531 0.99611019 0.00556617
2458897.6693857079 1.00294349 0.00556617
2458897.6694906228 1.00086943 0.00556617
2458897.6695954092 0.99821793 0.00556617
2458897.6697002347 1.00019022 0.00556617
2458897.6698049614 0.99782519 0.00556617
2458897.6699096784 0.99836990 0.00556617
2458897.6700144289 0.99636851 0.00556617
2458897.6701191831 1.00075012 0.00556617
2458897.6702236757 1.00021139 0.00556617
2458897.6703282539 0.99528327 0.00556617
2458897.6704330300 0.99522156 0.00556617
2458897.6705377386 0.99431822 0.00556617
2458897.6706424989 0.99906823 0.00556617
2458897.6707470156 0.99896519 0.00556617
2458897.6708517610 0.99872070 0.00556617
2458897.6709563527 0.99671508 0.00556617
2458897.6710612718 1.00313852 0.00556617
2458897.6711660116 1.00059680 0.00556617
2458897.6712707891 1.00169585 0.00556617
2458897.6713755517 0.99687524 0.00556617
2458897.6714804433 1.00246543 0.00556617
2458897.6715852511 0.99178901 0.00556617
2458897.6716899606 1.00074724 0.00556617
2458897.6717947610 0.99822890 0.00556617
2458897.6718995306 0.99542634 0.00556617
2458897.6720041614 0.99526116 0.00556617
2458897.6721089529 0.99730779 0.00556617
2458897.6722136224 0.99353083 0.00556617
2458897.6723183049 0.99782099 0.00556617
2458897.6724230875 0.99551003 0.00556617
2458897.6725278930 0.99784258 0.00556617
2458897.6726327580 1.00129929 0.00556617
2458897.6727374005 0.99892652 0.00556617
2458897.6728422353 0.99952094 0.00556617
2458897.6729470026 0.99781400 0.00556617
2458897.6730517894 0.99731792 0.00556617
2458897.6731565543 0.99976487 0.00556617
2458897.6732608438 0.99918375 0.00556617
2458897.6733656512 0.99431001 0.00556617
2458897.6734702899 0.99138663 0.00556617
2458897.6735750306 0.99529208 0.00556617
2458897.6736796591 0.99881170 0.00556617
2458897.6737843179 0.99967733 0.00556617
2458897.6738889166 1.00262575 0.00556617
2458897.6739940890 0.99944729 0.00556617
2458897.6740987562 0.99427680 0.00556617
2458897.6742032506 0.99849755 0.00556617
2458897.6743079275 1.00093628 0.00556617
2458897.6744126165 0.99794742 0.00556617
2458897.6745186951 0.99597019 0.00556617
2458897.6746236114 0.99635761 0.00556617
2458897.6747284448 0.99716679 0.00556617
2458897.6748332377 0.99878545 0.00556617
2458897.6749381465 1.00445231 0.00556617
2458897.6750430092 0.99505493 0.00556617
2458897.6751479194 0.99342347 0.00556617
2458897.6752527598 0.99364560 0.00556617
2458897.6753575392 0.99098126 0.00556617
2458897.6754623284 0.99331112 0.00556617
2458897.6755671599 0.98287526 0.00556617
2458897.6756719416 0.99080727 0.00556617
2458897.6757767671 0.98830556 0.00556617
2458897.6758812880 0.98970523 0.00556617
2458897.6759860273 1.00160480 0.00556617
2458897.6760909134 1.00313454 0.00556617
2458897.6761956075 1.00236329 0.00556617
2458897.6763002942 0.99835154 0.00556617
2458897.6764051081 1.00628412 0.00556617
2458897.6765098986 0.99706506 0.00556617
2458897.6766147367 0.99864312 0.00556617
2458897.6767195947 1.00059550 0.00556617
2458897.6768237813 0.99969013 0.00556617
2458897.6769295051 1.00444181 0.00556617
2458897.6770342523 1.00220940 0.00556617
2458897.6771391989 0.99399592 0.00556617
2458897.6772438381 1.00062833 0.00556617
2458897.6773499688 0.99268215 0.00556617
2458897.6774548246 0.99119154 0.00556617
2458897.6775595732 0.99913549 0.00556617
2458897.6776643000 0.99635698 0.00556617
2458897.6777690495 1.00250761 0.00556617
2458897.6778737456 0.99568996 0.00556617
2458897.6779784588 0.98460027 0.00556617
2458897.6780831092 1.00153053 0.00556617
2458897.6781878490 1.00031791 0.00556617
2458897.6782924253 0.99393729 0.00556617
2458897.6783971218 0.99600484 0.00556617
2458897.6785018174 0.99215725 0.00556617
2458897.6786062848 0.99280431 0.00556617
2458897.6787110986 0.99444202 0.00556617
2458897.6788158491 0.99566574 0.00556617
2458897.6789206383 0.99350408 0.00556617
2458897.6790255806 0.99796334 0.00556617
2458897.6791303097 0.99772568 0.00556617
2458897.6792351785 0.99878237 0.00556617
2458897.6793399169 1.00091496 0.00556617
2458897.6794444728 1.00568911 0.00556617
2458897.6795490412 0.99314709 0.00556617
2458897.6796538550 0.99508499 0.00556617
2458897.6797585068 1.00223894 0.00556617
2458897.6798632508 1.00163286 0.00556617
2458897.6799679692 1.00695688 0.00556617
2458897.6800726335 1.00609523 0.00556617
2458897.6801774213 0.99858386 0.00556617
2458897.6802822216 0.98732165 0.00556617
2458897.6803869186 1.00511719 0.00556617
2458897.6804917315 0.99997883 0.00556617
2458897.6805965253 0.99451498 0.00556617
2458897.6807012553 0.99950118 0.00556617
2458897.6808062536 1.00222151 0.00556617
2458897.6809110017 0.99912633 0.00556617
2458897.6810158081 0.99378126 0.00556617
2458897.6811206960 1.00409076 0.00556617
2458897.6812255471 0.99493913 0.00556617
2458897.6813302850 0.99575637 0.00556617
2458897.6814350407 0.99992819 0.00556617
2458897.6815395621 0.99321471 0.00556617
2458897.6817491339 0.99324656 0.00556617
2458897.6818539239 1.00143353 0.00556617
2458897.6819586353 1.00644453 0.00556617
2458897.6820634347 1.00179521 0.00556617
2458897.6821679873 1.00627693 0.00556617
2458897.6822726955 0.99692496 0.00556617
2458897.6823772406 0.99599382 0.00556617
2458897.6824820591 0.99636810 0.00556617
2458897.6825869875 0.99376353 0.00556617
2458897.6826916975 0.98848920 0.00556617
2458897.6827962934 1.00312536 0.00556617
2458897.6829010015 1.00630803 0.00556617
2458897.6830059099 1.00440102 0.00556617
2458897.6831105379 1.00121503 0.00556617
2458897.6832171013 0.99359684 0.00556617
2458897.6833217237 1.00790601 0.00556617
2458897.6834263825 1.00064656 0.00556617
2458897.6835311432 0.99258035 0.00556617
2458897.6836360749 0.99264291 0.00556617
2458897.6837408794 1.00394296 0.00556617
2458897.6838457570 0.99470814 0.00556617
2458897.6839505467 1.01190079 0.00556617
2458897.6840553856 1.00210429 0.00556617
2458897.6841600994 1.00146893 0.00556617
2458897.6842648834 0.99378354 0.00556617
2458897.6843697154 1.00286583 0.00556617
2458897.6844748976 0.99417637 0.00556617
2458897.6845796308 0.99718486 0.00556617
2458897.6846843949 0.99569926 0.00556617
2458897.6847891146 0.98131670 0.00556617
2458897.6848938479 0.99186282 0.00556617
2458897.6849985705 0.98645538 0.00556617
2458897.6851033438 1.00464076 0.00556617
2458897.6852078889 1.00123024 0.00556617
2458897.6853126818 1.00243283 0.00556617
2458897.6854175967 0.98775783 0.00556617
2458897.6855220459 0.98608628 0.00556617
2458897.6856268970 0.99394951 0.00556617
2458897.6857316145 0.99939203 0.00556617
2458897.6858364358 1.00405937 0.00556617
2458897.6859411416 0.96662988 0.00556617
2458897.6860458595 1.00419165 0.00556617
2458897.6861504694 1.00775493 0.00556617
2458897.6862552622 0.99811353 0.00556617
2458897.6863600370 0.98834517 0.00556617
2458897.6864647288 1.03590813 0.00556617
2458897.6865699235 0.99019498 0.00556617
2458897.6866747458 0.99676023 0.00556617
2458897.6867795377 1.01069539 0.00556617
2458897.6868841127 1.02102421 0.00556617
2458897.6869887644 1.01108801 0.00556617
2458897.6870935359 1.02322432 0.00556617
2458897.6871984722 1.02276313 0.00556617
2458897.6873032697 0.99149513 0.00556617
2458897.6874080701 1.00489301 0.00556617
2458897.6875128578 0.99877678 0.00556617
2458897.6876175958 0.99822528 0.00556617
2458897.6877223453 0.99573976 0.00556617
2458897.6878269897 1.00906630 0.00556617
2458897.6879315148 0.98999702 0.00556617
2458897.6880363040 1.00807453 0.00556617
2458897.6881410363 0.98890840 0.00556617
2458897.6882458408 0.99989554 0.00556617
2458897.6883505653 0.99073325 0.00556617
2458897.6884552585 0.99108483 0.00556617
2458897.6885599191 0.99966670 0.00556617
2458897.6886646957 0.99210234 0.00556617
2458897.6887694634 0.99263838 0.00556617
2458897.6888742647 1.00986778 0.00556617
2458897.6889790571 1.00475470 0.00556617
2458897.6890838505 0.99830245 0.00556617
2458897.6891885991 0.99751667 0.00556617
2458897.6892934679 0.96903929 0.00556617
2458897.6893981374 1.00311285 0.00556617
2458897.6895029750 1.00941318 0.00556617
2458897.6896074656 1.00449769 0.00556617
2458897.6897129915 0.99262001 0.00556617
2458897.6898176488 1.01019292 0.00556617
2458897.6899225223 0.98641085 0.00556617
2458897.6900272588 1.00536201 0.00556617
2458897.6901325458 0.89532141 0.00556617
2458897.6902374113 1.00816941 0.00556617
2458897.6903421618 1.00360760 0.00556617
2458897.6904469030 1.00121220 0.00556617
2458897.6905517331 1.00044554 0.00556617
2458897.6906565372 0.99362018 0.00556617
2458897.6907613808 1.00315422 0.00556617
2458897.6908659209 1.00773851 0.00556617
2458897.6909707384 0.99810411 0.00556617
2458897.6910764319 0.99330116 0.00556617
2458897.6911812364 1.00822147 0.00556617
2458897.6912860889 0.99927730 0.00556617
2458897.6913907095 0.99323936 0.00556617
2458897.6914955527 0.98412111 0.00556617
2458897.6916005434 1.01136350 0.00556617
2458897.6917052409 1.00083036 0.00556617
2458897.6918103797 0.99761032 0.00556617
2458897.6919149626 0.98143409 0.00556617
2458897.6920196884 0.98924189 0.00556617
2458897.6921245167 0.99755754 0.00556617
2458897.6922292789 0.97374716 0.00556617
2458897.6923342631 0.97996629 0.00556617
2458897.6924388893 1.00999282 0.00556617
2458897.6925435709 1.00494112 0.00556617
2458897.6926488350 1.02479793 0.00556617
2458897.6927535906 1.00023127 0.00556617
2458897.6928583439 0.99737510 0.00556617
2458897.6929631969 0.99532774 0.00556617
2458897.6930677919 1.02562316 0.00556617
2458897.6931725452 1.00782246 0.00556617
2458897.6932780701 1.00369475 0.00556617
2458897.6933828709 0.99826239 0.00556617
2458897.6934878067 1.00636445 0.00556617
2458897.6935927146 1.01194825 0.00556617
2458897.6936982158 0.99803718 0.00556617
2458897.6938033844 0.99850612 0.00556617
2458897.6939080069 0.99424354 0.00556617
2458897.6940128370 1.01212878 0.00556617
2458897.6941175712 1.00370536 0.00556617
2458897.6942229536 1.00675691 0.00556617
2458897.6943277917 0.99554515 0.00556617
2458897.6944326018 1.00022666 0.00556617
2458897.6945374627 1.00958405 0.00556617
2458897.6946423007 1.00622555 0.00556617
2458897.6947470759 1.00238069 0.00556617
2458897.6948519112 1.00840165 0.00556617
2458897.6949566021 1.02190654 0.00556617
2458897.6950614029 1.02232041 0.00556617
2458897.6951662172 1.01349232 0.00556617
2458897.6952710194 1.01455017 0.00556617
2458897.6953758080 1.00560848 0.00556617
2458897.6954806028 1.01043616 0.00556617
2458897.6955852751 1.00860775 0.00556617
2458897.6956901290 0.99806545 0.00556617
2458897.6957950122 0.99740395 0.00556617
2458897.6958998041 0.99967574 0.00556617
2458897.6960046263 0.98855338 0.00556617
2458897.6961091901 1.00227774 0.00556617
2458897.6962140426 1.00128840 0.00556617
2458897.6963186637 1.00138579 0.00556617
2458897.6964234882 1.00908573 0.00556617
2458897.6965282396 0.99883868 0.00556617
2458897.6966330167 0.99786073 0.00556617
2458897.6967375460 1.01219166 0.00556617
2458897.6968421787 0.99149874 0.00556617
2458897.6969469651 0.99823233 0.00556617
2458897.6970519396 0.99223340 0.00556617
2458897.6971566663 0.99446072 0.00556617
2458897.6972613335 1.00812501 0.00556617
2458897.6973661850 1.01023038 0.00556617
2458897.6974709420 1.00403561 0.00556617
2458897.6975757293 0.99923987 0.00556617
2458897.6976804612 1.00015784 0.00556617
2458897.6977853221 0.99597982 0.00556617
2458897.6978898929 0.99571186 0.00556617
2458897.6979947160 0.99876464 0.00556617
2458897.6980994893 1.00083753 0.00556617
2458897.6982043129 0.99743331 0.00556617
2458897.6983091305 1.01038842 0.00556617
2458897.6984138684 1.00608174 0.00556617
2458897.6985185524 1.00591534 0.00556617
2458897.6986232656 1.00137202 0.00556617
2458897.6987280129 1.00111014 0.00556617
2458897.6988327685 0.99615604 0.00556617
2458897.6989375441 1.00231020 0.00556617
2458897.6990423412 0.99625195 0.00556617
2458897.6991472687 0.99702330 0.00556617
2458897.6992520704 0.99534081 0.00556617
2458897.6993569299 0.99985396 0.00556617
2458897.6994617051 0.99646769 0.00556617
2458897.6995664006 1.00214208 0.00556617
2458897.6996711083 0.99956262 0.00556617
2458897.6997756879 1.00365234 0.00556617
2458897.6998805176 0.99990378 0.00556617
2458897.6999852452 0.99740885 0.00556617
2458897.7000898132 1.00173953 0.00556617
2458897.7001944156 1.00056628 0.00556617
2458897.7002991545 1.00098713 0.00556617
2458897.7004040899 1.00044809 0.00556617
2458897.7005088846 1.00089781 0.00556617
2458897.7006143956 1.00530395 0.00556617
2458897.7007191181 0.99821471 0.00556617
2458897.7008240800 0.99667156 0.00556617
2458897.7009288371 0.99521784 0.00556617
2458897.7010334814 1.00554563 0.00556617
2458897.7011382720 1.00255200 0.00556617
2458897.7012429219 1.00009362 0.00556617
2458897.7013476910 1.00276982 0.00556617
2458897.7014525309 1.00311834 0.00556617
2458897.7015573969 1.00042905 0.00556617
2458897.7016621875 1.00122719 0.00556617
2458897.7017670679 1.00256868 0.00556617
2458897.7018718263 1.00584945 0.00556617
2458897.7019764711 0.99945560 0.00556617
2458897.7020811848 0.99981278 0.00556617
2458897.7021857426 1.00035949 0.00556617
2458897.7022905680 0.99967522 0.00556617
2458897.7023952161 0.99694419 0.00556617
2458897.7025001561 0.99918097 0.00556617
2458897.7026047646 0.99856671 0.00556617
2458897.7027096516 0.99784157 0.00556617
2458897.7028144463 0.99658273 0.00556617
2458897.7029191223 0.99910525 0.00556617
2458897.7030237140 0.99923247 0.00556617
2458897.7031290713 0.99895150 0.00556617
2458897.7032337813 1.00033224 0.00556617
2458897.7033385797 1.00373883 0.00556617
2458897.7034434169 1.00135601 0.00556617
2458897.7035482111 0.99892906 0.00556617
2458897.7036529849 0.99957328 0.00556617
2458897.7037578197 0.99751755 0.00556617
2458897.7038623309 1.00582517 0.00556617
2458897.7039673096 1.00511673 0.00556617
2458897.7040721178 1.00218519 0.00556617
2458897.7041768916 1.00745280 0.00556617
2458897.7042822465 0.99541185 0.00556617
2458897.7043872909 1.00103416 0.00556617
2458897.7044921392 1.00320045 0.00556617
2458897.7045970983 0.99989265 0.00556617
2458897.7047018739 1.00138534 0.00556617
2458897.7048065807 0.99991837 0.00556617
2458897.7049114071 1.00455463 0.00556617
2458897.7050163103 1.00579056 0.00556617
2458897.7051210143 1.00204773 0.00556617
2458897.7052255385 1.00158102 0.00556617
2458897.7053303877 1.00275997 0.00556617
2458897.7054352127 1.00063951 0.00556617
2458897.7055400144 1.00111923 0.00556617
2458897.7056450853 0.99895901 0.00556617
2458897.7057496863 0.99672551 0.00556617
2458897.7058559940 1.00399180 0.00556617
2458897.7059605978 1.00173965 0.00556617
2458897.7060653749 1.00087469 0.00556617
2458897.7061702143 1.00370780 0.00556617
2458897.7062751483 1.00049540 0.00556617
2458897.7063796595 0.99773709 0.00556617
2458897.7064844831 1.00385062 0.00556617
2458897.7065892452 1.00236933 0.00556617
2458897.7066940940 1.00425281 0.00556617
2458897.7067989544 0.99891900 0.00556617
2458897.7069037999 1.00212666 0.00556617
2458897.7070087451 0.99788606 0.00556617
2458897.7071136413 1.00491269 0.00556617
2458897.7072184612 1.00381180 0.00556617
2458897.7073232238 1.00234057 0.00556617
2458897.7074279562 1.00280113 0.00556617
2458897.7075326652 1.00284990 0.00556617
2458897.7076372015 0.99992054 0.00556617
2458897.7077420154 0.99885691 0.00556617
2458897.7078467184 1.00308405 0.00556617
2458897.7079511657 1.00141545 0.00556617
2458897.7080558036 1.00334413 0.00556617
2458897.7081607715 1.00842003 0.00556617
2458897.7082654573 1.00408725 0.00556617
2458897.7083701435 1.00381213 0.00556617
2458897.7084748908 0.99952353 0.00556617
2458897.7085796772 1.00380411 0.00556617
2458897.7086844598 1.00158114 0.00556617
2458897.7087892080 0.99634282 0.00556617
2458897.7088939548 0.99964518 0.00556617
2458897.7089986303 1.00080533 0.00556617
2458897.7091032676 0.99655051 0.00556617
2458897.7092086128 0.99863030 0.00556617
2458897.7093134411 1.00278063 0.00556617
2458897.7094181031 1.00177558 0.00556617
2458897.7095228937 1.00508983 0.00556617
2458897.7096277834 0.99945556 0.00556617
2458897.7097325376 1.00823956 0.00556617
2458897.7098370907 1.00290802 0.00556617
2458897.7099418482 1.00012470 0.00556617
2458897.7100466685 0.99955122 0.00556617
2458897.7101512868 1.00115272 0.00556617
2458897.7102561044 1.00242145 0.00556617
2458897.7103607398 1.00411577 0.00556617
2458897.7104656720 1.00437996 0.00556617
2458897.7105704700 1.00373043 0.00556617
2458897.7106752135 0.99837817 0.00556617
2458897.7107801666 1.00109509 0.00556617
2458897.7108848412 0.99973715 0.00556617
2458897.7109895442 1.00342617 0.00556617
2458897.7110943408 1.00757421 0.00556617
2458897.7111997316 1.00470287 0.00556617
2458897.7113046111 1.00651643 0.00556617
2458897.7114094887 0.99658955 0.00556617
2458897.7115143249 1.00395080 0.00556617
2458897.7116191043 1.00763820 0.00556617
2458897.7117238515 0.99695983 0.00556617
2458897.7118286211 1.00632834 0.00556617
2458897.7119333367 1.00454057 0.00556617
2458897.7120384714 1.00384120 0.00556617
2458897.7121433234 0.99911246 0.00556617
2458897.7122477763 0.99964700 0.00556617
2458897.7123525837 1.00372697 0.00556617
2458897.7124572606 1.00097881 0.00556617
2458897.7125620274 1.00489926 0.00556617
2458897.7126666899 0.99851801 0.00556617
2458897.7127727503 0.99752366 0.00556617
2458897.7128775283 0.99952171 0.00556617
2458897.7129823873 0.99658850 0.00556617
2458897.7130871308 1.00232919 0.00556617
2458897.7131918920 1.00244000 0.00556617
2458897.7132965210 1.00072389 0.00556617
2458897.7134012934 1.00032523 0.00556617
2458897.7135064141 1.00188302 0.00556617
2458897.7136112861 1.00418416 0.00556617
2458897.7137161768 0.99906682 0.00556617
2458897.7138209487 1.00223376 0.00556617
2458897.7139256569 1.00666369 0.00556617
2458897.7140311371 1.00226480 0.00556617
2458897.7141359365 1.00633543 0.00556617
2458897.7142405785 0.99956993 0.00556617
2458897.7143454086 0.99390051 0.00556617
2458897.7144501014 0.99581723 0.00556617
2458897.7145547452 0.99682429 0.00556617
2458897.7146595367 0.99635789 0.00556617
2458897.7147642882 1.00026497 0.00556617
2458897.7148689316 0.99972040 0.00556617
2458897.7149738222 0.99456619 0.00556617
2458897.7150787101 0.99927070 0.00556617
2458897.7151835253 1.00096371 0.00556617
2458897.7152883592 1.00526005 0.00556617
2458897.7153931903 0.99531232 0.00556617
2458897.7154979440 0.99926818 0.00556617
2458897.7156026242 0.99573148 0.00556617
