Label	BJD_TDB	rel_flux_T1	rel_flux_err_T1	AIR	JD_UTC	rel_flux_T1_dn	rel_flux_err_T1_dn
fl.debias.st.0161.TIC99869022.01.fits	2459258.847908000	0.682184000	0.001063000	1.160000000	0.843443000	0.995861264	0.001551782
fl.debias.st.0163.TIC99869022.01.fits	2459258.849124000	0.684963000	0.001064000	1.160000000	0.844659000	0.999918085	0.001553241
fl.debias.st.0165.TIC99869022.01.fits	2459258.850362000	0.684144000	0.001061000	1.160000000	0.845897000	0.998722498	0.001548862
fl.debias.st.0167.TIC99869022.01.fits	2459258.851566000	0.687336000	0.001070000	1.160000000	0.847101000	1.003382222	0.001562000
fl.debias.st.0169.TIC99869022.01.fits	2459258.852781000	0.685857000	0.001072000	1.160000000	0.848316000	1.001223158	0.001564920
fl.debias.st.0171.TIC99869022.01.fits	2459258.854020000	0.684160000	0.001069000	1.160000000	0.849554000	0.998745855	0.001560540
fl.debias.st.0173.TIC99869022.01.fits	2459258.855258000	0.686167000	0.001077000	1.160000000	0.850793000	1.001675700	0.001572219
fl.debias.st.0175.TIC99869022.01.fits	2459258.856462000	0.687370000	0.001083000	1.160000000	0.851997000	1.003431856	0.001580978
fl.debias.st.0177.TIC99869022.01.fits	2459258.857689000	0.684915000	0.001073000	1.150000000	0.853223000	0.999800739	0.001566306
fl.debias.st.0179.TIC99869022.01.fits	2459258.858904000	0.685439000	0.001073000	1.150000000	0.854439000	1.000565645	0.001566306
fl.debias.st.0181.TIC99869022.01.fits	2459258.860119000	0.684734000	0.001077000	1.150000000	0.855654000	0.999536525	0.001572145
fl.debias.st.0183.TIC99869022.01.fits	2459258.861357000	0.685898000	0.001072000	1.150000000	0.856892000	1.001235667	0.001564846
fl.debias.st.0185.TIC99869022.01.fits	2459258.862550000	0.684471000	0.001064000	1.150000000	0.858084000	0.999152612	0.001553168
fl.debias.st.0187.TIC99869022.01.fits	2459258.863776000	0.686710000	0.001066000	1.150000000	0.859311000	1.002420980	0.001556087
fl.debias.st.0189.TIC99869022.01.fits	2459258.864992000	0.685762000	0.001066000	1.150000000	0.860527000	1.001037142	0.001556087
fl.debias.st.0191.TIC99869022.01.fits	2459258.866219000	0.685600000	0.001057000	1.150000000	0.861753000	1.000800664	0.001542950
fl.debias.st.0193.TIC99869022.01.fits	2459258.867434000	0.685441000	0.001051000	1.150000000	0.862969000	1.000568564	0.001534191
fl.debias.st.0195.TIC99869022.01.fits	2459258.868637000	0.688548000	0.001064000	1.150000000	0.864172000	1.005103990	0.001553168
fl.debias.st.0197.TIC99869022.01.fits	2459258.869876000	0.687946000	0.001070000	1.150000000	0.865411000	1.004225224	0.001561926
fl.debias.st.0199.TIC99869022.01.fits	2459258.871056000	0.684559000	0.001067000	1.150000000	0.866591000	0.999281070	0.001557547
fl.debias.st.0201.TIC99869022.01.fits	2459258.872306000	0.686847000	0.001070000	1.150000000	0.867841000	1.002620965	0.001561926
fl.debias.st.0203.TIC99869022.01.fits	2459258.873510000	0.683259000	0.001066000	1.150000000	0.869045000	0.997383402	0.001556087
fl.debias.st.0205.TIC99869022.01.fits	2459258.874714000	0.684009000	0.001065000	1.150000000	0.870249000	0.998478210	0.001554628
fl.debias.st.0207.TIC99869022.01.fits	2459258.875929000	0.685546000	0.001078000	1.150000000	0.871464000	1.000721837	0.001573604
fl.debias.st.0209.TIC99869022.01.fits	2459258.877144000	0.686464000	0.001076000	1.150000000	0.872679000	1.002061883	0.001570685
fl.debias.st.0211.TIC99869022.01.fits	2459258.878394000	0.688300000	0.001071000	1.150000000	0.873929000	1.004741973	0.001563386
fl.debias.st.0213.TIC99869022.01.fits	2459258.879598000	0.685167000	0.001070000	1.150000000	0.875133000	1.000168594	0.001561926
fl.debias.st.0215.TIC99869022.01.fits	2459258.880836000	0.684535000	0.001068000	1.150000000	0.876372000	0.999246036	0.001559007
fl.debias.st.0217.TIC99869022.01.fits	2459258.882052000	0.685406000	0.001072000	1.150000000	0.877587000	1.000517473	0.001564846
fl.debias.st.0219.TIC99869022.01.fits	2459258.883302000	0.684198000	0.001070000	1.150000000	0.878837000	0.998754102	0.001561926
fl.debias.st.0221.TIC99869022.01.fits	2459258.884505000	0.685603000	0.001068000	1.150000000	0.880041000	1.000805043	0.001559007
fl.debias.st.0223.TIC99869022.01.fits	2459258.885744000	0.685098000	0.001065000	1.150000000	0.881279000	1.000067872	0.001554628
fl.debias.st.0225.TIC99869022.01.fits	2459258.886948000	0.683787000	0.001068000	1.150000000	0.882483000	0.998154147	0.001559007
fl.debias.st.0227.TIC99869022.01.fits	2459258.888209000	0.683618000	0.001062000	1.150000000	0.883744000	0.997907450	0.001550248
fl.debias.st.0229.TIC99869022.01.fits	2459258.889413000	0.685061000	0.001076000	1.150000000	0.884948000	1.000013861	0.001570685
fl.debias.st.0231.TIC99869022.01.fits	2459258.890651000	0.685305000	0.001080000	1.150000000	0.886186000	1.000370039	0.001576524
fl.debias.st.0233.TIC99869022.01.fits	2459258.891855000	0.687455000	0.001088000	1.150000000	0.887390000	1.003508489	0.001588202
fl.debias.st.0235.TIC99869022.01.fits	2459258.893116000	0.685083000	0.001084000	1.150000000	0.888652000	1.000045976	0.001582363
fl.debias.st.0237.TIC99869022.01.fits	2459258.894297000	0.686106000	0.001090000	1.150000000	0.889832000	1.001539294	0.001591121
fl.debias.st.0239.TIC99869022.01.fits	2459258.895547000	0.685171000	0.001081000	1.150000000	0.891082000	1.000174433	0.001577984
fl.debias.st.0241.TIC99869022.01.fits	2459258.896751000	0.684134000	0.001078000	1.150000000	0.892286000	0.998660678	0.001573604
fl.debias.st.0243.TIC99869022.01.fits	2459258.897989000	0.685945000	0.001071000	1.160000000	0.893524000	1.001351622	0.001563460
fl.debias.st.0245.TIC99869022.01.fits	2459258.899204000	0.685980000	0.001062000	1.160000000	0.894740000	1.001402715	0.001550322
fl.debias.st.0247.TIC99869022.01.fits	2459258.900408000	0.684249000	0.001068000	1.160000000	0.895943000	0.998875778	0.001559081
fl.debias.st.0249.TIC99869022.01.fits	2459258.901623000	0.684874000	0.001063000	1.160000000	0.897159000	0.999788162	0.001551782
fl.debias.st.0251.TIC99869022.01.fits	2459258.902804000	0.686822000	0.001066000	1.160000000	0.898339000	1.002631878	0.001556161
fl.debias.st.0253.TIC99869022.01.fits	2459258.904019000	0.686286000	0.001061000	1.160000000	0.899554000	1.001849418	0.001548862
fl.debias.st.0255.TIC99869022.01.fits	2459258.905234000	0.682081000	0.001062000	1.160000000	0.900770000	0.995710903	0.001550322
fl.debias.st.0257.TIC99869022.01.fits	2459258.906426000	0.682659000	0.001061000	1.160000000	0.901962000	0.996554675	0.001548862
fl.debias.st.0259.TIC99869022.01.fits	2459258.907642000	0.685866000	0.001060000	1.160000000	0.903177000	1.001236297	0.001547402
fl.debias.st.0261.TIC99869022.01.fits	2459258.908869000	0.685322000	0.001058000	1.160000000	0.904404000	1.000442158	0.001544482
fl.debias.st.0263.TIC99869022.01.fits	2459258.910049000	0.686315000	0.001060000	1.160000000	0.905584000	1.001891753	0.001547402
fl.debias.st.0265.TIC99869022.01.fits	2459258.911264000	0.683696000	0.001058000	1.160000000	0.906800000	0.998068502	0.001544482
fl.debias.st.0267.TIC99869022.01.fits	2459258.912480000	0.684133000	0.001061000	1.160000000	0.908015000	0.998706440	0.001548862
fl.debias.st.0269.TIC99869022.01.fits	2459258.913683000	0.685445000	0.001066000	1.160000000	0.909219000	1.000621715	0.001556161
fl.debias.st.0271.TIC99869022.01.fits	2459258.914922000	0.684758000	0.001059000	1.170000000	0.910457000	0.999666093	0.001546015
fl.debias.st.0273.TIC99869022.01.fits	2459258.916091000	0.683206000	0.001058000	1.170000000	0.911626000	0.997400355	0.001544555
fl.debias.st.0275.TIC99869022.01.fits	2459258.917352000	0.683065000	0.001060000	1.170000000	0.912888000	0.997194512	0.001547475
fl.debias.st.0277.TIC99869022.01.fits	2459258.918544000	0.683379000	0.001061000	1.170000000	0.914080000	0.997652915	0.001548935
fl.debias.st.0279.TIC99869022.01.fits	2459258.919794000	0.684449000	0.001064000	1.170000000	0.915330000	0.999214989	0.001553315
fl.debias.st.0281.TIC99869022.01.fits	2459258.920998000	0.683957000	0.001063000	1.170000000	0.916534000	0.998496727	0.001551855
fl.debias.st.0283.TIC99869022.01.fits	2459258.922202000	0.683871000	0.001062000	1.170000000	0.917737000	0.998371177	0.001550395
fl.debias.st.0285.TIC99869022.01.fits	2459258.923417000	0.683217000	0.001063000	1.170000000	0.918953000	0.997416414	0.001551855
fl.debias.st.0287.TIC99869022.01.fits	2459258.924598000	0.684538000	0.001059000	1.180000000	0.920133000	0.999392177	0.001546088
fl.debias.st.0289.TIC99869022.01.fits	2459258.925836000	0.685241000	0.001068000	1.180000000	0.921372000	1.000418523	0.001559228
fl.debias.st.0291.TIC99869022.01.fits	2459258.927051000	0.688011000	0.001073000	1.180000000	0.922587000	1.004462588	0.001566528
fl.debias.st.0293.TIC99869022.01.fits	2459258.928301000	0.686323000	0.001069000	1.180000000	0.923837000	1.001998190	0.001560688
fl.debias.st.0295.TIC99869022.01.fits	2459258.929505000	0.686712000	0.001062000	1.180000000	0.925041000	1.002566111	0.001550468
fl.debias.st.0297.TIC99869022.01.fits	2459258.930720000	0.687418000	0.001066000	1.180000000	0.926256000	1.003596837	0.001556308
fl.debias.st.0299.TIC99869022.01.fits	2459258.931936000	0.687993000	0.001067000	1.180000000	0.927471000	1.004436309	0.001557768
fl.debias.st.0301.TIC99869022.01.fits	2459258.933139000	0.684965000	0.001066000	1.180000000	0.928675000	1.000015576	0.001556308
fl.debias.st.0303.TIC99869022.01.fits	2459258.934378000	0.686033000	0.001062000	1.190000000	0.929913000	1.001622170	0.001550542
fl.debias.st.0305.TIC99869022.01.fits	2459258.935581000	0.685968000	0.001065000	1.190000000	0.931117000	1.001527269	0.001554922
fl.debias.st.0307.TIC99869022.01.fits	2459258.936831000	0.685641000	0.001071000	1.190000000	0.932367000	1.001049842	0.001563682
fl.debias.st.0309.TIC99869022.01.fits	2459258.938035000	0.683299000	0.001074000	1.190000000	0.933571000	0.997630474	0.001568062
fl.debias.st.0311.TIC99869022.01.fits	2459258.939273000	0.686936000	0.001087000	1.190000000	0.934809000	1.002940568	0.001587042
fl.debias.st.0313.TIC99869022.01.fits	2459258.940477000	0.683654000	0.001073000	1.190000000	0.936013000	0.998148782	0.001566602
fl.debias.st.0315.TIC99869022.01.fits	2459258.941716000	0.685963000	0.001076000	1.200000000	0.937251000	1.001567334	0.001571056
fl.debias.st.0317.TIC99869022.01.fits	2459258.942919000	0.681410000	0.001082000	1.200000000	0.938455000	0.994919547	0.001579817
fl.debias.st.0319.TIC99869022.01.fits	2459258.944158000	0.683082000	0.001090000	1.200000000	0.939693000	0.997360817	0.001591497
fl.debias.st.0321.TIC99869022.01.fits	2459258.945373000	0.685686000	0.001084000	1.200000000	0.940909000	1.001162890	0.001582737
fl.debias.st.0323.TIC99869022.01.fits	2459258.946739000	0.685481000	0.001076000	1.200000000	0.942274000	1.000863571	0.001571056
fl.debias.st.0325.TIC99869022.01.fits	2459258.947931000	0.684553000	0.001075000	1.210000000	0.943466000	0.999555881	0.001569670
fl.debias.st.0327.TIC99869022.01.fits	2459258.949146000	0.688071000	0.001079000	1.210000000	0.944682000	1.004692719	0.001575511
fl.debias.st.0329.TIC99869022.01.fits	2459258.950373000	0.684966000	0.001069000	1.210000000	0.945909000	1.000158926	0.001560909
fl.debias.st.0331.TIC99869022.01.fits	2459258.951542000	0.684262000	0.001071000	1.210000000	0.947078000	0.999130975	0.001563830
fl.debias.st.0333.TIC99869022.01.fits	2459258.952803000	0.683663000	0.001072000	1.210000000	0.948339000	0.998256340	0.001565290
fl.debias.st.0335.TIC99869022.01.fits	2459258.954007000	0.683950000	0.001082000	1.220000000	0.949543000	0.998722641	0.001579966
fl.debias.st.0337.TIC99869022.01.fits	2459258.955222000	0.683479000	0.001080000	1.220000000	0.950758000	0.998034874	0.001577046
fl.debias.st.0339.TIC99869022.01.fits	2459258.956426000	0.681501000	0.001078000	1.220000000	0.951962000	0.995146544	0.001574125
fl.debias.st.0341.TIC99869022.01.fits	2459258.957630000	0.684726000	0.001087000	1.220000000	0.953166000	0.999855778	0.001587267
fl.debias.st.0343.TIC99869022.01.fits	2459258.958891000	0.683188000	0.001088000	1.230000000	0.954427000	0.997657135	0.001588803
fl.debias.st.0345.TIC99869022.01.fits	2459258.960107000	0.685026000	0.001088000	1.230000000	0.955642000	1.000341160	0.001588803
fl.debias.st.0347.TIC99869022.01.fits	2459258.961345000	0.684699000	0.001082000	1.230000000	0.956881000	0.999863643	0.001580041
fl.debias.st.0349.TIC99869022.01.fits	2459258.962526000	0.684116000	0.001080000	1.230000000	0.958061000	0.999012290	0.001577120
fl.debias.st.0351.TIC99869022.01.fits	2459258.963764000	0.687131000	0.001079000	1.240000000	0.959300000	1.003462549	0.001575735
fl.debias.st.0353.TIC99869022.01.fits	2459258.964991000	0.684146000	0.001074000	1.240000000	0.960527000	0.999103357	0.001568433
fl.debias.st.0355.TIC99869022.01.fits	2459258.966194000	0.684658000	0.001077000	1.240000000	0.961730000	0.999851065	0.001572814
fl.debias.st.0357.TIC99869022.01.fits	2459258.967410000	0.683397000	0.001069000	1.240000000	0.962946000	0.998009543	0.001561131
fl.debias.st.0359.TIC99869022.01.fits	2459258.968590000	0.682967000	0.001078000	1.250000000	0.964126000	0.997428767	0.001574349
fl.debias.st.0361.TIC99869022.01.fits	2459258.969806000	0.684756000	0.001080000	1.250000000	0.965341000	1.000041485	0.001577270
fl.debias.st.0363.TIC99869022.01.fits	2459258.971021000	0.682114000	0.001073000	1.250000000	0.966557000	0.996183016	0.001567047
fl.debias.st.0365.TIC99869022.01.fits	2459258.972225000	0.684862000	0.001083000	1.250000000	0.967760000	1.000196291	0.001581651
fl.debias.st.0367.TIC99869022.01.fits	2459258.973486000	0.683922000	0.001081000	1.260000000	0.969022000	0.998870734	0.001578805
fl.debias.st.0369.TIC99869022.01.fits	2459258.974667000	0.682491000	0.001079000	1.260000000	0.970203000	0.996780753	0.001575884
fl.debias.st.0371.TIC99869022.01.fits	2459258.975905000	0.682507000	0.001075000	1.260000000	0.971441000	0.996804121	0.001570042
fl.debias.st.0373.TIC99869022.01.fits	2459258.977120000	0.681884000	0.001080000	1.260000000	0.972656000	0.995894227	0.001577344
fl.debias.st.0375.TIC99869022.01.fits	2459258.978324000	0.684140000	0.001079000	1.270000000	0.973860000	0.999236395	0.001575958
fl.debias.st.0377.TIC99869022.01.fits	2459258.979539000	0.685615000	0.001081000	1.270000000	0.975075000	1.001390740	0.001578879
fl.debias.st.0379.TIC99869022.01.fits	2459258.980743000	0.683768000	0.001077000	1.270000000	0.976279000	0.998693062	0.001573037
fl.debias.st.0381.TIC99869022.01.fits	2459258.981993000	0.684461000	0.001082000	1.280000000	0.977529000	0.999752537	0.001580415
fl.debias.st.0383.TIC99869022.01.fits	2459258.983173000	0.682485000	0.001079000	1.280000000	0.978709000	0.996866308	0.001576033
fl.debias.st.0385.TIC99869022.01.fits	2459258.984412000	0.686713000	0.001093000	1.280000000	0.979948000	1.003041903	0.001596482
fl.debias.st.0387.TIC99869022.01.fits	2459258.985627000	0.681413000	0.001083000	1.290000000	0.981163000	0.995347591	0.001581950
fl.debias.st.0389.TIC99869022.01.fits	2459258.986831000	0.682990000	0.001086000	1.290000000	0.982367000	0.997651133	0.001586332
fl.debias.st.0391.TIC99869022.01.fits	2459258.988058000	0.686318000	0.001083000	1.290000000	0.983594000	1.002512380	0.001581950
fl.debias.st.0393.TIC99869022.01.fits	2459258.989250000	0.683435000	0.001080000	1.300000000	0.984786000	0.998348385	0.001577643
fl.debias.st.0395.TIC99869022.01.fits	2459258.990465000	0.684394000	0.001080000	1.300000000	0.986001000	0.999749273	0.001577643
fl.debias.st.0397.TIC99869022.01.fits	2459258.991680000	0.683884000	0.001080000	1.300000000	0.987216000	0.999004275	0.001577643
fl.debias.st.0399.TIC99869022.01.fits	2459258.992896000	0.683416000	0.001077000	1.310000000	0.988432000	0.998367869	0.001573335
fl.debias.st.0401.TIC99869022.01.fits	2459258.994146000	0.685495000	0.001086000	1.310000000	0.989682000	1.001404975	0.001586482
fl.debias.st.0403.TIC99869022.01.fits	2459258.995407000	0.687564000	0.001093000	1.310000000	0.990943000	1.004427473	0.001596708
fl.debias.st.0405.TIC99869022.01.fits	2459258.996622000	0.687150000	0.001091000	1.320000000	0.992159000	1.003870183	0.001593862
fl.debias.st.0407.TIC99869022.01.fits	2459258.997872000	0.684197000	0.001093000	1.320000000	0.993409000	0.999556090	0.001596784
fl.debias.st.0409.TIC99869022.01.fits	2459258.999076000	0.685023000	0.001097000	1.330000000	0.994612000	1.000810168	0.001602703
fl.debias.st.0411.TIC99869022.01.fits	2459259.000291000	0.686664000	0.001101000	1.330000000	0.995828000	1.003207649	0.001608547
fl.debias.st.0413.TIC99869022.01.fits	2459259.001507000	0.683480000	0.001101000	1.330000000	0.997043000	0.998555864	0.001608547
fl.debias.st.0415.TIC99869022.01.fits	2459259.002722000	0.685479000	0.001107000	1.340000000	0.998258000	1.001523773	0.001617390
fl.debias.st.0417.TIC99869022.01.fits	2459259.003960000	0.683017000	0.001108000	1.340000000	0.999497000	0.997926651	0.001618851
fl.debias.st.0419.TIC99869022.01.fits	2459259.005176000	0.683033000	0.001109000	1.350000000	1.000712000	0.997997259	0.001620389
fl.debias.st.0421.TIC99869022.01.fits	2459259.006414000	0.682621000	0.001102000	1.350000000	1.001950000	0.997395275	0.001610161
fl.debias.st.0423.TIC99869022.01.fits	2459259.007618000	0.685872000	0.001107000	1.350000000	1.003154000	1.002145395	0.001617466
fl.debias.st.0425.TIC99869022.01.fits	2459259.008868000	0.683228000	0.001100000	1.360000000	1.004404000	0.998329426	0.001607315
fl.debias.st.0427.TIC99869022.01.fits	2459259.010071000	0.685196000	0.001105000	1.360000000	1.005608000	1.001205058	0.001614621
fl.debias.st.0429.TIC99869022.01.fits	2459259.011310000	0.683240000	0.001105000	1.370000000	1.006846000	0.998394214	0.001614697
fl.debias.st.0431.TIC99869022.01.fits	2459259.012652000	0.683554000	0.001105000	1.370000000	1.008189000	0.998853051	0.001614697
fl.debias.st.0433.TIC99869022.01.fits	2459259.013926000	0.683663000	0.001108000	1.380000000	1.009462000	0.999059616	0.001619157
fl.debias.st.0435.TIC99869022.01.fits	2459259.015129000	0.682792000	0.001104000	1.380000000	1.010666000	0.997786795	0.001613312
fl.debias.st.0437.TIC99869022.01.fits	2459259.016356000	0.685185000	0.001105000	1.390000000	1.011892000	1.001331163	0.001614850
fl.debias.st.0439.TIC99869022.01.fits	2459259.017560000	0.684064000	0.001105000	1.390000000	1.013096000	0.999692931	0.001614850
fl.debias.st.0441.TIC99869022.01.fits	2459259.018810000	0.686310000	0.001105000	1.400000000	1.014346000	1.003022721	0.001614926
fl.debias.st.0443.TIC99869022.01.fits	2459259.020025000	0.685256000	0.001103000	1.400000000	1.015561000	1.001482329	0.001612003
fl.debias.st.0445.TIC99869022.01.fits	2459259.021263000	0.683362000	0.001102000	1.410000000	1.016800000	0.998761582	0.001610618
fl.debias.st.0447.TIC99869022.01.fits	2459259.022467000	0.683966000	0.001108000	1.410000000	1.018003000	0.999644352	0.001619387
fl.debias.st.0449.TIC99869022.01.fits	2459259.023717000	0.685297000	0.001113000	1.420000000	1.019253000	1.001637082	0.001626772
fl.debias.st.0451.TIC99869022.01.fits	2459259.024932000	0.682702000	0.001113000	1.420000000	1.020469000	0.997844203	0.001626772
fl.debias.st.0453.TIC99869022.01.fits	2459259.026182000	0.683702000	0.001115000	1.430000000	1.021719000	0.999353126	0.001629773
fl.debias.st.0455.TIC99869022.01.fits	2459259.027386000	0.685204000	0.001124000	1.430000000	1.022922000	1.001548568	0.001642928
fl.debias.st.0457.TIC99869022.01.fits	2459259.028648000	0.685073000	0.001120000	1.440000000	1.024184000	1.001404500	0.001637158
fl.debias.st.0459.TIC99869022.01.fits	2459259.029874000	0.683367000	0.001120000	1.440000000	1.025411000	0.998910757	0.001637158
fl.debias.st.0461.TIC99869022.01.fits	2459259.031101000	0.685705000	0.001132000	1.450000000	1.026638000	1.002375785	0.001654778
fl.debias.st.0463.TIC99869022.01.fits	2459259.032317000	0.680846000	0.001124000	1.450000000	1.027853000	0.995272813	0.001643083
fl.debias.st.0465.TIC99869022.01.fits	2459259.033555000	0.684184000	0.001124000	1.460000000	1.029091000	1.000199720	0.001643161
fl.debias.st.0467.TIC99869022.01.fits	2459259.034759000	0.678965000	0.001118000	1.460000000	1.030295000	0.992570131	0.001634390
fl.debias.st.0469.TIC99869022.01.fits	2459259.036009000	0.686340000	0.001139000	1.470000000	1.031545000	1.003399061	0.001665168
fl.debias.st.0471.TIC99869022.01.fits	2459259.037212000	0.684108000	0.001130000	1.480000000	1.032749000	1.000183338	0.001652089
fl.debias.st.0473.TIC99869022.01.fits	2459259.038462000	0.683966000	0.001141000	1.480000000	1.033999000	0.999975730	0.001668171
fl.debias.st.0475.TIC99869022.01.fits	2459259.039643000	0.686365000	0.001143000	1.490000000	1.035179000	1.003530653	0.001671174
fl.debias.st.0477.TIC99869022.01.fits	2459259.040847000	0.684671000	0.001146000	1.490000000	1.036383000	1.001053864	0.001675561
fl.debias.st.0479.TIC99869022.01.fits	2459259.042062000	0.686715000	0.001149000	1.500000000	1.037598000	1.004089939	0.001680026
fl.debias.st.0481.TIC99869022.01.fits	2459259.043277000	0.686798000	0.001153000	1.510000000	1.038814000	1.004258861	0.001685955
fl.debias.st.0483.TIC99869022.01.fits	2459259.044527000	0.682266000	0.001148000	1.510000000	1.040064000	0.997632020	0.001678644
fl.debias.st.0485.TIC99869022.01.fits	2459259.045731000	0.688148000	0.001161000	1.520000000	1.041267000	1.006280536	0.001697733
fl.debias.st.0487.TIC99869022.01.fits	2459259.046969000	0.684896000	0.001156000	1.520000000	1.042506000	1.001525129	0.001690422
fl.debias.st.0489.TIC99869022.01.fits	2459259.048150000	0.685339000	0.001161000	1.530000000	1.043686000	1.002220399	0.001697814
fl.debias.st.0491.TIC99869022.01.fits	2459259.049365000	0.686038000	0.001176000	1.540000000	1.044902000	1.003290121	0.001719831
fl.debias.st.0493.TIC99869022.01.fits	2459259.050592000	0.676804000	0.001490000	1.540000000	1.046128000	0.989785940	0.002179037
fl.debias.st.0495.TIC99869022.01.fits	2459259.051807000	0.680912000	0.001483000	1.550000000	1.047344000	0.995840821	0.002168903
fl.debias.st.0497.TIC99869022.01.fits	2459259.053046000	0.685035000	0.001564000	1.560000000	1.048582000	1.001918214	0.002287474
fl.debias.st.0499.TIC99869022.01.fits	2459259.054226000	0.682421000	0.001517000	1.560000000	1.049763000	0.998095031	0.002218733
