#	Label	BJD_TDB	rel_flux_T1	rel_flux_err_T1	AIR	JD_UTC
1	fl.debias.st.0161.TIC99869022.01.fits	2459258.847908	0.682184	0.001063	1.160000	0.843443
2	fl.debias.st.0163.TIC99869022.01.fits	2459258.849124	0.684963	0.001064	1.160000	0.844659
3	fl.debias.st.0165.TIC99869022.01.fits	2459258.850362	0.684144	0.001061	1.160000	0.845897
4	fl.debias.st.0167.TIC99869022.01.fits	2459258.851566	0.687336	0.001070	1.160000	0.847101
5	fl.debias.st.0169.TIC99869022.01.fits	2459258.852781	0.685857	0.001072	1.160000	0.848316
6	fl.debias.st.0171.TIC99869022.01.fits	2459258.854020	0.684160	0.001069	1.160000	0.849554
7	fl.debias.st.0173.TIC99869022.01.fits	2459258.855258	0.686167	0.001077	1.160000	0.850793
8	fl.debias.st.0175.TIC99869022.01.fits	2459258.856462	0.687370	0.001083	1.160000	0.851997
9	fl.debias.st.0177.TIC99869022.01.fits	2459258.857689	0.684915	0.001073	1.150000	0.853223
10	fl.debias.st.0179.TIC99869022.01.fits	2459258.858904	0.685439	0.001073	1.150000	0.854439
11	fl.debias.st.0181.TIC99869022.01.fits	2459258.860119	0.684734	0.001077	1.150000	0.855654
12	fl.debias.st.0183.TIC99869022.01.fits	2459258.861357	0.685898	0.001072	1.150000	0.856892
13	fl.debias.st.0185.TIC99869022.01.fits	2459258.862550	0.684471	0.001064	1.150000	0.858084
14	fl.debias.st.0187.TIC99869022.01.fits	2459258.863776	0.686710	0.001066	1.150000	0.859311
15	fl.debias.st.0189.TIC99869022.01.fits	2459258.864992	0.685762	0.001066	1.150000	0.860527
16	fl.debias.st.0191.TIC99869022.01.fits	2459258.866219	0.685600	0.001057	1.150000	0.861753
17	fl.debias.st.0193.TIC99869022.01.fits	2459258.867434	0.685441	0.001051	1.150000	0.862969
18	fl.debias.st.0195.TIC99869022.01.fits	2459258.868637	0.688548	0.001064	1.150000	0.864172
19	fl.debias.st.0197.TIC99869022.01.fits	2459258.869876	0.687946	0.001070	1.150000	0.865411
20	fl.debias.st.0199.TIC99869022.01.fits	2459258.871056	0.684559	0.001067	1.150000	0.866591
21	fl.debias.st.0201.TIC99869022.01.fits	2459258.872306	0.686847	0.001070	1.150000	0.867841
22	fl.debias.st.0203.TIC99869022.01.fits	2459258.873510	0.683259	0.001066	1.150000	0.869045
23	fl.debias.st.0205.TIC99869022.01.fits	2459258.874714	0.684009	0.001065	1.150000	0.870249
24	fl.debias.st.0207.TIC99869022.01.fits	2459258.875929	0.685546	0.001078	1.150000	0.871464
25	fl.debias.st.0209.TIC99869022.01.fits	2459258.877144	0.686464	0.001076	1.150000	0.872679
26	fl.debias.st.0211.TIC99869022.01.fits	2459258.878394	0.688300	0.001071	1.150000	0.873929
27	fl.debias.st.0213.TIC99869022.01.fits	2459258.879598	0.685167	0.001070	1.150000	0.875133
28	fl.debias.st.0215.TIC99869022.01.fits	2459258.880836	0.684535	0.001068	1.150000	0.876372
29	fl.debias.st.0217.TIC99869022.01.fits	2459258.882052	0.685406	0.001072	1.150000	0.877587
30	fl.debias.st.0219.TIC99869022.01.fits	2459258.883302	0.684198	0.001070	1.150000	0.878837
31	fl.debias.st.0221.TIC99869022.01.fits	2459258.884505	0.685603	0.001068	1.150000	0.880041
32	fl.debias.st.0223.TIC99869022.01.fits	2459258.885744	0.685098	0.001065	1.150000	0.881279
33	fl.debias.st.0225.TIC99869022.01.fits	2459258.886948	0.683787	0.001068	1.150000	0.882483
34	fl.debias.st.0227.TIC99869022.01.fits	2459258.888209	0.683618	0.001062	1.150000	0.883744
35	fl.debias.st.0229.TIC99869022.01.fits	2459258.889413	0.685061	0.001076	1.150000	0.884948
36	fl.debias.st.0231.TIC99869022.01.fits	2459258.890651	0.685305	0.001080	1.150000	0.886186
37	fl.debias.st.0233.TIC99869022.01.fits	2459258.891855	0.687455	0.001088	1.150000	0.887390
38	fl.debias.st.0235.TIC99869022.01.fits	2459258.893116	0.685083	0.001084	1.150000	0.888652
39	fl.debias.st.0237.TIC99869022.01.fits	2459258.894297	0.686106	0.001090	1.150000	0.889832
40	fl.debias.st.0239.TIC99869022.01.fits	2459258.895547	0.685171	0.001081	1.150000	0.891082
41	fl.debias.st.0241.TIC99869022.01.fits	2459258.896751	0.684134	0.001078	1.150000	0.892286
42	fl.debias.st.0243.TIC99869022.01.fits	2459258.897989	0.685945	0.001071	1.160000	0.893524
43	fl.debias.st.0245.TIC99869022.01.fits	2459258.899204	0.685980	0.001062	1.160000	0.894740
44	fl.debias.st.0247.TIC99869022.01.fits	2459258.900408	0.684249	0.001068	1.160000	0.895943
45	fl.debias.st.0249.TIC99869022.01.fits	2459258.901623	0.684874	0.001063	1.160000	0.897159
46	fl.debias.st.0251.TIC99869022.01.fits	2459258.902804	0.686822	0.001066	1.160000	0.898339
47	fl.debias.st.0253.TIC99869022.01.fits	2459258.904019	0.686286	0.001061	1.160000	0.899554
48	fl.debias.st.0255.TIC99869022.01.fits	2459258.905234	0.682081	0.001062	1.160000	0.900770
49	fl.debias.st.0257.TIC99869022.01.fits	2459258.906426	0.682659	0.001061	1.160000	0.901962
50	fl.debias.st.0259.TIC99869022.01.fits	2459258.907642	0.685866	0.001060	1.160000	0.903177
51	fl.debias.st.0261.TIC99869022.01.fits	2459258.908869	0.685322	0.001058	1.160000	0.904404
52	fl.debias.st.0263.TIC99869022.01.fits	2459258.910049	0.686315	0.001060	1.160000	0.905584
53	fl.debias.st.0265.TIC99869022.01.fits	2459258.911264	0.683696	0.001058	1.160000	0.906800
54	fl.debias.st.0267.TIC99869022.01.fits	2459258.912480	0.684133	0.001061	1.160000	0.908015
55	fl.debias.st.0269.TIC99869022.01.fits	2459258.913683	0.685445	0.001066	1.160000	0.909219
56	fl.debias.st.0271.TIC99869022.01.fits	2459258.914922	0.684758	0.001059	1.170000	0.910457
57	fl.debias.st.0273.TIC99869022.01.fits	2459258.916091	0.683206	0.001058	1.170000	0.911626
58	fl.debias.st.0275.TIC99869022.01.fits	2459258.917352	0.683065	0.001060	1.170000	0.912888
59	fl.debias.st.0277.TIC99869022.01.fits	2459258.918544	0.683379	0.001061	1.170000	0.914080
60	fl.debias.st.0279.TIC99869022.01.fits	2459258.919794	0.684449	0.001064	1.170000	0.915330
61	fl.debias.st.0281.TIC99869022.01.fits	2459258.920998	0.683957	0.001063	1.170000	0.916534
62	fl.debias.st.0283.TIC99869022.01.fits	2459258.922202	0.683871	0.001062	1.170000	0.917737
63	fl.debias.st.0285.TIC99869022.01.fits	2459258.923417	0.683217	0.001063	1.170000	0.918953
64	fl.debias.st.0287.TIC99869022.01.fits	2459258.924598	0.684538	0.001059	1.180000	0.920133
65	fl.debias.st.0289.TIC99869022.01.fits	2459258.925836	0.685241	0.001068	1.180000	0.921372
66	fl.debias.st.0291.TIC99869022.01.fits	2459258.927051	0.688011	0.001073	1.180000	0.922587
67	fl.debias.st.0293.TIC99869022.01.fits	2459258.928301	0.686323	0.001069	1.180000	0.923837
68	fl.debias.st.0295.TIC99869022.01.fits	2459258.929505	0.686712	0.001062	1.180000	0.925041
69	fl.debias.st.0297.TIC99869022.01.fits	2459258.930720	0.687418	0.001066	1.180000	0.926256
70	fl.debias.st.0299.TIC99869022.01.fits	2459258.931936	0.687993	0.001067	1.180000	0.927471
71	fl.debias.st.0301.TIC99869022.01.fits	2459258.933139	0.684965	0.001066	1.180000	0.928675
72	fl.debias.st.0303.TIC99869022.01.fits	2459258.934378	0.686033	0.001062	1.190000	0.929913
73	fl.debias.st.0305.TIC99869022.01.fits	2459258.935581	0.685968	0.001065	1.190000	0.931117
74	fl.debias.st.0307.TIC99869022.01.fits	2459258.936831	0.685641	0.001071	1.190000	0.932367
75	fl.debias.st.0309.TIC99869022.01.fits	2459258.938035	0.683299	0.001074	1.190000	0.933571
76	fl.debias.st.0311.TIC99869022.01.fits	2459258.939273	0.686936	0.001087	1.190000	0.934809
77	fl.debias.st.0313.TIC99869022.01.fits	2459258.940477	0.683654	0.001073	1.190000	0.936013
78	fl.debias.st.0315.TIC99869022.01.fits	2459258.941716	0.685963	0.001076	1.200000	0.937251
79	fl.debias.st.0317.TIC99869022.01.fits	2459258.942919	0.681410	0.001082	1.200000	0.938455
80	fl.debias.st.0319.TIC99869022.01.fits	2459258.944158	0.683082	0.001090	1.200000	0.939693
81	fl.debias.st.0321.TIC99869022.01.fits	2459258.945373	0.685686	0.001084	1.200000	0.940909
82	fl.debias.st.0323.TIC99869022.01.fits	2459258.946739	0.685481	0.001076	1.200000	0.942274
83	fl.debias.st.0325.TIC99869022.01.fits	2459258.947931	0.684553	0.001075	1.210000	0.943466
84	fl.debias.st.0327.TIC99869022.01.fits	2459258.949146	0.688071	0.001079	1.210000	0.944682
85	fl.debias.st.0329.TIC99869022.01.fits	2459258.950373	0.684966	0.001069	1.210000	0.945909
86	fl.debias.st.0331.TIC99869022.01.fits	2459258.951542	0.684262	0.001071	1.210000	0.947078
87	fl.debias.st.0333.TIC99869022.01.fits	2459258.952803	0.683663	0.001072	1.210000	0.948339
88	fl.debias.st.0335.TIC99869022.01.fits	2459258.954007	0.683950	0.001082	1.220000	0.949543
89	fl.debias.st.0337.TIC99869022.01.fits	2459258.955222	0.683479	0.001080	1.220000	0.950758
90	fl.debias.st.0339.TIC99869022.01.fits	2459258.956426	0.681501	0.001078	1.220000	0.951962
91	fl.debias.st.0341.TIC99869022.01.fits	2459258.957630	0.684726	0.001087	1.220000	0.953166
92	fl.debias.st.0343.TIC99869022.01.fits	2459258.958891	0.683188	0.001088	1.230000	0.954427
93	fl.debias.st.0345.TIC99869022.01.fits	2459258.960107	0.685026	0.001088	1.230000	0.955642
94	fl.debias.st.0347.TIC99869022.01.fits	2459258.961345	0.684699	0.001082	1.230000	0.956881
95	fl.debias.st.0349.TIC99869022.01.fits	2459258.962526	0.684116	0.001080	1.230000	0.958061
96	fl.debias.st.0351.TIC99869022.01.fits	2459258.963764	0.687131	0.001079	1.240000	0.959300
97	fl.debias.st.0353.TIC99869022.01.fits	2459258.964991	0.684146	0.001074	1.240000	0.960527
98	fl.debias.st.0355.TIC99869022.01.fits	2459258.966194	0.684658	0.001077	1.240000	0.961730
99	fl.debias.st.0357.TIC99869022.01.fits	2459258.967410	0.683397	0.001069	1.240000	0.962946
100	fl.debias.st.0359.TIC99869022.01.fits	2459258.968590	0.682967	0.001078	1.250000	0.964126
101	fl.debias.st.0361.TIC99869022.01.fits	2459258.969806	0.684756	0.001080	1.250000	0.965341
102	fl.debias.st.0363.TIC99869022.01.fits	2459258.971021	0.682114	0.001073	1.250000	0.966557
103	fl.debias.st.0365.TIC99869022.01.fits	2459258.972225	0.684862	0.001083	1.250000	0.967760
104	fl.debias.st.0367.TIC99869022.01.fits	2459258.973486	0.683922	0.001081	1.260000	0.969022
105	fl.debias.st.0369.TIC99869022.01.fits	2459258.974667	0.682491	0.001079	1.260000	0.970203
106	fl.debias.st.0371.TIC99869022.01.fits	2459258.975905	0.682507	0.001075	1.260000	0.971441
107	fl.debias.st.0373.TIC99869022.01.fits	2459258.977120	0.681884	0.001080	1.260000	0.972656
108	fl.debias.st.0375.TIC99869022.01.fits	2459258.978324	0.684140	0.001079	1.270000	0.973860
109	fl.debias.st.0377.TIC99869022.01.fits	2459258.979539	0.685615	0.001081	1.270000	0.975075
110	fl.debias.st.0379.TIC99869022.01.fits	2459258.980743	0.683768	0.001077	1.270000	0.976279
111	fl.debias.st.0381.TIC99869022.01.fits	2459258.981993	0.684461	0.001082	1.280000	0.977529
112	fl.debias.st.0383.TIC99869022.01.fits	2459258.983173	0.682485	0.001079	1.280000	0.978709
113	fl.debias.st.0385.TIC99869022.01.fits	2459258.984412	0.686713	0.001093	1.280000	0.979948
114	fl.debias.st.0387.TIC99869022.01.fits	2459258.985627	0.681413	0.001083	1.290000	0.981163
115	fl.debias.st.0389.TIC99869022.01.fits	2459258.986831	0.682990	0.001086	1.290000	0.982367
116	fl.debias.st.0391.TIC99869022.01.fits	2459258.988058	0.686318	0.001083	1.290000	0.983594
117	fl.debias.st.0393.TIC99869022.01.fits	2459258.989250	0.683435	0.001080	1.300000	0.984786
118	fl.debias.st.0395.TIC99869022.01.fits	2459258.990465	0.684394	0.001080	1.300000	0.986001
119	fl.debias.st.0397.TIC99869022.01.fits	2459258.991680	0.683884	0.001080	1.300000	0.987216
120	fl.debias.st.0399.TIC99869022.01.fits	2459258.992896	0.683416	0.001077	1.310000	0.988432
121	fl.debias.st.0401.TIC99869022.01.fits	2459258.994146	0.685495	0.001086	1.310000	0.989682
122	fl.debias.st.0403.TIC99869022.01.fits	2459258.995407	0.687564	0.001093	1.310000	0.990943
123	fl.debias.st.0405.TIC99869022.01.fits	2459258.996622	0.687150	0.001091	1.320000	0.992159
124	fl.debias.st.0407.TIC99869022.01.fits	2459258.997872	0.684197	0.001093	1.320000	0.993409
125	fl.debias.st.0409.TIC99869022.01.fits	2459258.999076	0.685023	0.001097	1.330000	0.994612
126	fl.debias.st.0411.TIC99869022.01.fits	2459259.000291	0.686664	0.001101	1.330000	0.995828
127	fl.debias.st.0413.TIC99869022.01.fits	2459259.001507	0.683480	0.001101	1.330000	0.997043
128	fl.debias.st.0415.TIC99869022.01.fits	2459259.002722	0.685479	0.001107	1.340000	0.998258
129	fl.debias.st.0417.TIC99869022.01.fits	2459259.003960	0.683017	0.001108	1.340000	0.999497
130	fl.debias.st.0419.TIC99869022.01.fits	2459259.005176	0.683033	0.001109	1.350000	1.000712
131	fl.debias.st.0421.TIC99869022.01.fits	2459259.006414	0.682621	0.001102	1.350000	1.001950
132	fl.debias.st.0423.TIC99869022.01.fits	2459259.007618	0.685872	0.001107	1.350000	1.003154
133	fl.debias.st.0425.TIC99869022.01.fits	2459259.008868	0.683228	0.001100	1.360000	1.004404
134	fl.debias.st.0427.TIC99869022.01.fits	2459259.010071	0.685196	0.001105	1.360000	1.005608
135	fl.debias.st.0429.TIC99869022.01.fits	2459259.011310	0.683240	0.001105	1.370000	1.006846
136	fl.debias.st.0431.TIC99869022.01.fits	2459259.012652	0.683554	0.001105	1.370000	1.008189
137	fl.debias.st.0433.TIC99869022.01.fits	2459259.013926	0.683663	0.001108	1.380000	1.009462
138	fl.debias.st.0435.TIC99869022.01.fits	2459259.015129	0.682792	0.001104	1.380000	1.010666
139	fl.debias.st.0437.TIC99869022.01.fits	2459259.016356	0.685185	0.001105	1.390000	1.011892
140	fl.debias.st.0439.TIC99869022.01.fits	2459259.017560	0.684064	0.001105	1.390000	1.013096
141	fl.debias.st.0441.TIC99869022.01.fits	2459259.018810	0.686310	0.001105	1.400000	1.014346
142	fl.debias.st.0443.TIC99869022.01.fits	2459259.020025	0.685256	0.001103	1.400000	1.015561
143	fl.debias.st.0445.TIC99869022.01.fits	2459259.021263	0.683362	0.001102	1.410000	1.016800
144	fl.debias.st.0447.TIC99869022.01.fits	2459259.022467	0.683966	0.001108	1.410000	1.018003
145	fl.debias.st.0449.TIC99869022.01.fits	2459259.023717	0.685297	0.001113	1.420000	1.019253
146	fl.debias.st.0451.TIC99869022.01.fits	2459259.024932	0.682702	0.001113	1.420000	1.020469
147	fl.debias.st.0453.TIC99869022.01.fits	2459259.026182	0.683702	0.001115	1.430000	1.021719
148	fl.debias.st.0455.TIC99869022.01.fits	2459259.027386	0.685204	0.001124	1.430000	1.022922
149	fl.debias.st.0457.TIC99869022.01.fits	2459259.028648	0.685073	0.001120	1.440000	1.024184
150	fl.debias.st.0459.TIC99869022.01.fits	2459259.029874	0.683367	0.001120	1.440000	1.025411
151	fl.debias.st.0461.TIC99869022.01.fits	2459259.031101	0.685705	0.001132	1.450000	1.026638
152	fl.debias.st.0463.TIC99869022.01.fits	2459259.032317	0.680846	0.001124	1.450000	1.027853
153	fl.debias.st.0465.TIC99869022.01.fits	2459259.033555	0.684184	0.001124	1.460000	1.029091
154	fl.debias.st.0467.TIC99869022.01.fits	2459259.034759	0.678965	0.001118	1.460000	1.030295
155	fl.debias.st.0469.TIC99869022.01.fits	2459259.036009	0.686340	0.001139	1.470000	1.031545
156	fl.debias.st.0471.TIC99869022.01.fits	2459259.037212	0.684108	0.001130	1.480000	1.032749
157	fl.debias.st.0473.TIC99869022.01.fits	2459259.038462	0.683966	0.001141	1.480000	1.033999
158	fl.debias.st.0475.TIC99869022.01.fits	2459259.039643	0.686365	0.001143	1.490000	1.035179
159	fl.debias.st.0477.TIC99869022.01.fits	2459259.040847	0.684671	0.001146	1.490000	1.036383
160	fl.debias.st.0479.TIC99869022.01.fits	2459259.042062	0.686715	0.001149	1.500000	1.037598
161	fl.debias.st.0481.TIC99869022.01.fits	2459259.043277	0.686798	0.001153	1.510000	1.038814
162	fl.debias.st.0483.TIC99869022.01.fits	2459259.044527	0.682266	0.001148	1.510000	1.040064
163	fl.debias.st.0485.TIC99869022.01.fits	2459259.045731	0.688148	0.001161	1.520000	1.041267
164	fl.debias.st.0487.TIC99869022.01.fits	2459259.046969	0.684896	0.001156	1.520000	1.042506
165	fl.debias.st.0489.TIC99869022.01.fits	2459259.048150	0.685339	0.001161	1.530000	1.043686
166	fl.debias.st.0491.TIC99869022.01.fits	2459259.049365	0.686038	0.001176	1.540000	1.044902
167	fl.debias.st.0493.TIC99869022.01.fits	2459259.050592	0.676804	0.001490	1.540000	1.046128
168	fl.debias.st.0495.TIC99869022.01.fits	2459259.051807	0.680912	0.001483	1.550000	1.047344
169	fl.debias.st.0497.TIC99869022.01.fits	2459259.053046	0.685035	0.001564	1.560000	1.048582
170	fl.debias.st.0499.TIC99869022.01.fits	2459259.054226	0.682421	0.001517	1.560000	1.049763
