#	Label	BJD_TDB	rel_flux_T1	rel_flux_err_T1	AIR	JD_UTC
1	fl.debias.st.0104.TIC99869022.01.fits	2459317.620488	0.508948	0.000767	1.250000	0.618212
2	fl.debias.st.0106.TIC99869022.01.fits	2459317.621657	0.508694	0.000746	1.250000	0.619381
3	fl.debias.st.0108.TIC99869022.01.fits	2459317.622768	0.508569	0.000730	1.250000	0.620492
4	fl.debias.st.0110.TIC99869022.01.fits	2459317.623902	0.508114	0.000716	1.240000	0.621626
5	fl.debias.st.0112.TIC99869022.01.fits	2459317.625025	0.508975	0.000709	1.240000	0.622749
6	fl.debias.st.0114.TIC99869022.01.fits	2459317.626171	0.509525	0.000703	1.240000	0.623895
7	fl.debias.st.0116.TIC99869022.01.fits	2459317.627305	0.508972	0.000698	1.240000	0.625029
8	fl.debias.st.0118.TIC99869022.01.fits	2459317.628428	0.508682	0.000694	1.230000	0.626152
9	fl.debias.st.0120.TIC99869022.01.fits	2459317.629550	0.508324	0.000690	1.230000	0.627274
10	fl.debias.st.0122.TIC99869022.01.fits	2459317.630673	0.508440	0.000689	1.230000	0.628397
11	fl.debias.st.0124.TIC99869022.01.fits	2459317.631795	0.510382	0.000688	1.230000	0.629520
12	fl.debias.st.0126.TIC99869022.01.fits	2459317.632906	0.509228	0.000687	1.220000	0.630631
13	fl.debias.st.0128.TIC99869022.01.fits	2459317.634041	0.507824	0.000684	1.220000	0.631765
14	fl.debias.st.0130.TIC99869022.01.fits	2459317.635175	0.509155	0.000685	1.220000	0.632899
15	fl.debias.st.0132.TIC99869022.01.fits	2459317.636297	0.508412	0.000684	1.220000	0.634022
16	fl.debias.st.0134.TIC99869022.01.fits	2459317.637432	0.509118	0.000683	1.220000	0.635156
17	fl.debias.st.0136.TIC99869022.01.fits	2459317.638566	0.509165	0.000682	1.210000	0.636291
18	fl.debias.st.0138.TIC99869022.01.fits	2459317.639712	0.508015	0.000681	1.210000	0.637436
19	fl.debias.st.0140.TIC99869022.01.fits	2459317.640846	0.510177	0.000685	1.210000	0.638571
20	fl.debias.st.0142.TIC99869022.01.fits	2459317.641980	0.507458	0.000679	1.210000	0.639705
21	fl.debias.st.0144.TIC99869022.01.fits	2459317.643103	0.510425	0.000683	1.210000	0.640828
22	fl.debias.st.0146.TIC99869022.01.fits	2459317.644214	0.508400	0.000681	1.200000	0.641939
23	fl.debias.st.0148.TIC99869022.01.fits	2459317.645325	0.508358	0.000681	1.200000	0.643050
24	fl.debias.st.0150.TIC99869022.01.fits	2459317.646459	0.508412	0.000680	1.200000	0.644184
25	fl.debias.st.0152.TIC99869022.01.fits	2459317.647570	0.508842	0.000681	1.200000	0.645295
26	fl.debias.st.0154.TIC99869022.01.fits	2459317.648693	0.509026	0.000681	1.200000	0.646418
27	fl.debias.st.0156.TIC99869022.01.fits	2459317.649827	0.507492	0.000679	1.200000	0.647552
28	fl.debias.st.0158.TIC99869022.01.fits	2459317.650984	0.508249	0.000681	1.190000	0.648709
29	fl.debias.st.0160.TIC99869022.01.fits	2459317.652107	0.508117	0.000680	1.190000	0.649832
30	fl.debias.st.0162.TIC99869022.01.fits	2459317.653252	0.506681	0.000677	1.190000	0.650978
31	fl.debias.st.0164.TIC99869022.01.fits	2459317.654364	0.508673	0.000679	1.190000	0.652089
32	fl.debias.st.0166.TIC99869022.01.fits	2459317.655486	0.509932	0.000681	1.190000	0.653212
33	fl.debias.st.0168.TIC99869022.01.fits	2459317.656574	0.508418	0.000679	1.190000	0.654300
34	fl.debias.st.0170.TIC99869022.01.fits	2459317.657720	0.509985	0.000681	1.190000	0.655446
35	fl.debias.st.0172.TIC99869022.01.fits	2459317.658866	0.508758	0.000680	1.180000	0.656591
36	fl.debias.st.0174.TIC99869022.01.fits	2459317.659977	0.508239	0.000679	1.180000	0.657703
37	fl.debias.st.0176.TIC99869022.01.fits	2459317.661076	0.509251	0.000680	1.180000	0.658802
38	fl.debias.st.0178.TIC99869022.01.fits	2459317.662210	0.508972	0.000680	1.180000	0.659936
39	fl.debias.st.0180.TIC99869022.01.fits	2459317.663321	0.508847	0.000679	1.180000	0.661047
40	fl.debias.st.0182.TIC99869022.01.fits	2459317.664444	0.511052	0.000681	1.180000	0.662170
41	fl.debias.st.0184.TIC99869022.01.fits	2459317.665567	0.508202	0.000678	1.180000	0.663293
42	fl.debias.st.0186.TIC99869022.01.fits	2459317.666712	0.509173	0.000679	1.180000	0.664439
43	fl.debias.st.0188.TIC99869022.01.fits	2459317.667835	0.507469	0.000677	1.170000	0.665561
44	fl.debias.st.0190.TIC99869022.01.fits	2459317.668946	0.508746	0.000678	1.170000	0.666672
45	fl.debias.st.0192.TIC99869022.01.fits	2459317.670080	0.509938	0.000680	1.170000	0.667807
46	fl.debias.st.0194.TIC99869022.01.fits	2459317.671191	0.506607	0.000678	1.170000	0.668918
47	fl.debias.st.0196.TIC99869022.01.fits	2459317.672314	0.507585	0.000678	1.170000	0.670041
48	fl.debias.st.0198.TIC99869022.01.fits	2459317.673448	0.508943	0.000679	1.170000	0.671175
49	fl.debias.st.0200.TIC99869022.01.fits	2459317.674559	0.507808	0.000678	1.170000	0.672286
50	fl.debias.st.0202.TIC99869022.01.fits	2459317.675682	0.507669	0.000678	1.170000	0.673409
51	fl.debias.st.0204.TIC99869022.01.fits	2459317.676816	0.508094	0.000677	1.170000	0.674543
52	fl.debias.st.0206.TIC99869022.01.fits	2459317.677915	0.508020	0.000678	1.160000	0.675642
53	fl.debias.st.0208.TIC99869022.01.fits	2459317.679050	0.507507	0.000677	1.160000	0.676777
54	fl.debias.st.0210.TIC99869022.01.fits	2459317.680161	0.508983	0.000684	1.160000	0.677888
55	fl.debias.st.0212.TIC99869022.01.fits	2459317.681283	0.508249	0.000683	1.160000	0.679010
56	fl.debias.st.0214.TIC99869022.01.fits	2459317.682417	0.507260	0.000677	1.160000	0.680145
57	fl.debias.st.0216.TIC99869022.01.fits	2459317.683552	0.508067	0.000678	1.160000	0.681279
58	fl.debias.st.0218.TIC99869022.01.fits	2459317.684686	0.507789	0.000677	1.160000	0.682413
59	fl.debias.st.0220.TIC99869022.01.fits	2459317.685797	0.506974	0.000677	1.160000	0.683524
60	fl.debias.st.0222.TIC99869022.01.fits	2459317.686943	0.507273	0.000677	1.160000	0.684670
61	fl.debias.st.0224.TIC99869022.01.fits	2459317.688077	0.508672	0.000679	1.160000	0.685804
62	fl.debias.st.0226.TIC99869022.01.fits	2459317.689176	0.508985	0.000678	1.160000	0.686904
63	fl.debias.st.0228.TIC99869022.01.fits	2459317.690299	0.509139	0.000680	1.160000	0.688027
64	fl.debias.st.0230.TIC99869022.01.fits	2459317.691433	0.507574	0.000677	1.160000	0.689161
65	fl.debias.st.0232.TIC99869022.01.fits	2459317.692533	0.507961	0.000678	1.160000	0.690260
66	fl.debias.st.0234.TIC99869022.01.fits	2459317.693667	0.506755	0.000677	1.160000	0.691395
67	fl.debias.st.0236.TIC99869022.01.fits	2459317.694813	0.508701	0.000679	1.150000	0.692541
68	fl.debias.st.0238.TIC99869022.01.fits	2459317.695947	0.508236	0.000678	1.150000	0.693675
69	fl.debias.st.0240.TIC99869022.01.fits	2459317.697081	0.507937	0.000678	1.150000	0.694809
70	fl.debias.st.0242.TIC99869022.01.fits	2459317.698215	0.507544	0.000677	1.150000	0.695943
71	fl.debias.st.0244.TIC99869022.01.fits	2459317.699326	0.506073	0.000675	1.150000	0.697054
72	fl.debias.st.0246.TIC99869022.01.fits	2459317.700449	0.505388	0.000676	1.150000	0.698177
73	fl.debias.st.0248.TIC99869022.01.fits	2459317.701583	0.505404	0.000677	1.150000	0.699311
74	fl.debias.st.0250.TIC99869022.01.fits	2459317.702671	0.507445	0.000681	1.150000	0.700399
75	fl.debias.st.0252.TIC99869022.01.fits	2459317.703828	0.505636	0.000678	1.150000	0.701557
76	fl.debias.st.0254.TIC99869022.01.fits	2459317.704951	0.506749	0.000679	1.150000	0.702679
77	fl.debias.st.0256.TIC99869022.01.fits	2459317.706073	0.505031	0.000678	1.150000	0.703802
78	fl.debias.st.0258.TIC99869022.01.fits	2459317.707208	0.505478	0.000678	1.150000	0.704936
79	fl.debias.st.0260.TIC99869022.01.fits	2459317.708342	0.505922	0.000676	1.150000	0.706071
80	fl.debias.st.0262.TIC99869022.01.fits	2459317.709476	0.505911	0.000677	1.150000	0.707205
81	fl.debias.st.0264.TIC99869022.01.fits	2459317.710576	0.505611	0.000676	1.150000	0.708304
82	fl.debias.st.0266.TIC99869022.01.fits	2459317.711710	0.505957	0.000677	1.150000	0.709439
83	fl.debias.st.0268.TIC99869022.01.fits	2459317.712855	0.505136	0.000676	1.150000	0.710584
84	fl.debias.st.0270.TIC99869022.01.fits	2459317.713990	0.506615	0.000678	1.150000	0.711719
85	fl.debias.st.0272.TIC99869022.01.fits	2459317.715112	0.506247	0.000678	1.150000	0.712841
86	fl.debias.st.0274.TIC99869022.01.fits	2459317.716235	0.505207	0.000678	1.150000	0.713964
87	fl.debias.st.0276.TIC99869022.01.fits	2459317.717392	0.505809	0.000677	1.150000	0.715122
88	fl.debias.st.0278.TIC99869022.01.fits	2459317.718515	0.505150	0.000677	1.150000	0.716244
89	fl.debias.st.0280.TIC99869022.01.fits	2459317.719661	0.504640	0.000676	1.150000	0.717390
90	fl.debias.st.0282.TIC99869022.01.fits	2459317.720783	0.505593	0.000676	1.150000	0.718513
91	fl.debias.st.0284.TIC99869022.01.fits	2459317.721952	0.505802	0.000677	1.150000	0.719682
92	fl.debias.st.0286.TIC99869022.01.fits	2459317.723075	0.505622	0.000678	1.150000	0.720804
93	fl.debias.st.0288.TIC99869022.01.fits	2459317.724186	0.503895	0.000676	1.150000	0.721916
94	fl.debias.st.0290.TIC99869022.01.fits	2459317.725308	0.503675	0.000675	1.150000	0.723038
95	fl.debias.st.0292.TIC99869022.01.fits	2459317.726431	0.504662	0.000677	1.150000	0.724161
96	fl.debias.st.0294.TIC99869022.01.fits	2459317.727554	0.506723	0.000680	1.150000	0.725284
97	fl.debias.st.0296.TIC99869022.01.fits	2459317.728676	0.505313	0.000677	1.150000	0.726406
98	fl.debias.st.0298.TIC99869022.01.fits	2459317.729810	0.504828	0.000677	1.150000	0.727541
99	fl.debias.st.0300.TIC99869022.01.fits	2459317.730956	0.506475	0.000680	1.150000	0.728686
100	fl.debias.st.0302.TIC99869022.01.fits	2459317.732044	0.505325	0.000678	1.150000	0.729774
101	fl.debias.st.0304.TIC99869022.01.fits	2459317.733167	0.504701	0.000677	1.150000	0.730897
102	fl.debias.st.0306.TIC99869022.01.fits	2459317.734313	0.504727	0.000678	1.160000	0.732043
103	fl.debias.st.0308.TIC99869022.01.fits	2459317.735447	0.504737	0.000678	1.160000	0.733177
104	fl.debias.st.0310.TIC99869022.01.fits	2459317.736569	0.504447	0.000677	1.160000	0.734300
105	fl.debias.st.0312.TIC99869022.01.fits	2459317.737704	0.505085	0.000678	1.160000	0.735434
106	fl.debias.st.0314.TIC99869022.01.fits	2459317.738849	0.506538	0.000680	1.160000	0.736580
107	fl.debias.st.0316.TIC99869022.01.fits	2459317.739937	0.505500	0.000679	1.160000	0.737668
108	fl.debias.st.0318.TIC99869022.01.fits	2459317.741083	0.506077	0.000679	1.160000	0.738814
109	fl.debias.st.0320.TIC99869022.01.fits	2459317.742194	0.504229	0.000677	1.160000	0.739925
110	fl.debias.st.0322.TIC99869022.01.fits	2459317.743317	0.505306	0.000679	1.160000	0.741047
111	fl.debias.st.0324.TIC99869022.01.fits	2459317.744451	0.503964	0.000678	1.160000	0.742182
112	fl.debias.st.0326.TIC99869022.01.fits	2459317.745585	0.504797	0.000678	1.160000	0.743316
113	fl.debias.st.0328.TIC99869022.01.fits	2459317.746684	0.504139	0.000678	1.160000	0.744416
114	fl.debias.st.0330.TIC99869022.01.fits	2459317.747819	0.504902	0.000679	1.160000	0.745550
115	fl.debias.st.0332.TIC99869022.01.fits	2459317.748941	0.504977	0.000679	1.160000	0.746672
116	fl.debias.st.0334.TIC99869022.01.fits	2459317.750052	0.503918	0.000678	1.160000	0.747784
117	fl.debias.st.0336.TIC99869022.01.fits	2459317.751187	0.504400	0.000679	1.170000	0.748918
118	fl.debias.st.0338.TIC99869022.01.fits	2459317.752298	0.504159	0.000680	1.170000	0.750029
119	fl.debias.st.0340.TIC99869022.01.fits	2459317.753420	0.504572	0.000680	1.170000	0.751152
120	fl.debias.st.0342.TIC99869022.01.fits	2459317.754554	0.505579	0.000682	1.170000	0.752286
121	fl.debias.st.0344.TIC99869022.01.fits	2459317.755677	0.505094	0.000682	1.170000	0.753409
122	fl.debias.st.0346.TIC99869022.01.fits	2459317.756800	0.504399	0.000680	1.170000	0.754531
123	fl.debias.st.0348.TIC99869022.01.fits	2459317.757945	0.505001	0.000682	1.170000	0.755677
124	fl.debias.st.0350.TIC99869022.01.fits	2459317.759091	0.505485	0.000682	1.170000	0.756823
125	fl.debias.st.0352.TIC99869022.01.fits	2459317.760191	0.505185	0.000682	1.170000	0.757922
126	fl.debias.st.0354.TIC99869022.01.fits	2459317.761325	0.506233	0.000683	1.180000	0.759057
127	fl.debias.st.0356.TIC99869022.01.fits	2459317.762424	0.504948	0.000682	1.180000	0.760156
128	fl.debias.st.0358.TIC99869022.01.fits	2459317.763570	0.505340	0.000683	1.180000	0.761302
129	fl.debias.st.0360.TIC99869022.01.fits	2459317.764727	0.506129	0.000685	1.180000	0.762459
130	fl.debias.st.0362.TIC99869022.01.fits	2459317.765862	0.505852	0.000685	1.180000	0.763594
131	fl.debias.st.0364.TIC99869022.01.fits	2459317.766973	0.505259	0.000684	1.180000	0.764705
132	fl.debias.st.0366.TIC99869022.01.fits	2459317.768107	0.505277	0.000683	1.180000	0.765839
133	fl.debias.st.0368.TIC99869022.01.fits	2459317.769241	0.504937	0.000683	1.180000	0.766973
134	fl.debias.st.0370.TIC99869022.01.fits	2459317.770375	0.505289	0.000684	1.190000	0.768108
135	fl.debias.st.0372.TIC99869022.01.fits	2459317.771486	0.506464	0.000686	1.190000	0.769219
136	fl.debias.st.0374.TIC99869022.01.fits	2459317.772620	0.505523	0.000686	1.190000	0.770353
137	fl.debias.st.0376.TIC99869022.01.fits	2459317.773755	0.505772	0.000686	1.190000	0.771487
138	fl.debias.st.0378.TIC99869022.01.fits	2459317.774854	0.505820	0.000687	1.190000	0.772587
139	fl.debias.st.0380.TIC99869022.01.fits	2459317.775988	0.505395	0.000686	1.190000	0.773721
140	fl.debias.st.0382.TIC99869022.01.fits	2459317.777099	0.505002	0.000685	1.190000	0.774832
141	fl.debias.st.0384.TIC99869022.01.fits	2459317.778234	0.506720	0.000688	1.200000	0.775966
142	fl.debias.st.0386.TIC99869022.01.fits	2459317.779356	0.506091	0.000687	1.200000	0.777089
143	fl.debias.st.0388.TIC99869022.01.fits	2459317.780479	0.505710	0.000688	1.200000	0.778212
144	fl.debias.st.0390.TIC99869022.01.fits	2459317.781613	0.505193	0.000686	1.200000	0.779346
145	fl.debias.st.0392.TIC99869022.01.fits	2459317.782736	0.506953	0.000688	1.200000	0.780469
146	fl.debias.st.0394.TIC99869022.01.fits	2459317.783847	0.507309	0.000690	1.200000	0.781580
147	fl.debias.st.0396.TIC99869022.01.fits	2459317.784981	0.506960	0.000690	1.210000	0.782714
148	fl.debias.st.0398.TIC99869022.01.fits	2459317.786115	0.505175	0.000688	1.210000	0.783848
149	fl.debias.st.0400.TIC99869022.01.fits	2459317.787226	0.505588	0.000689	1.210000	0.784959
150	fl.debias.st.0402.TIC99869022.01.fits	2459317.788349	0.505881	0.000688	1.210000	0.786082
151	fl.debias.st.0404.TIC99869022.01.fits	2459317.789494	0.507362	0.000690	1.210000	0.787228
152	fl.debias.st.0406.TIC99869022.01.fits	2459317.790629	0.505639	0.000687	1.220000	0.788362
153	fl.debias.st.0408.TIC99869022.01.fits	2459317.791774	0.505396	0.000688	1.220000	0.789508
154	fl.debias.st.0410.TIC99869022.01.fits	2459317.792885	0.506145	0.000690	1.220000	0.790619
155	fl.debias.st.0412.TIC99869022.01.fits	2459317.794020	0.505254	0.000687	1.220000	0.791753
156	fl.debias.st.0414.TIC99869022.01.fits	2459317.795131	0.507106	0.000690	1.220000	0.792865
157	fl.debias.st.0416.TIC99869022.01.fits	2459317.796253	0.505959	0.000688	1.230000	0.793987
158	fl.debias.st.0418.TIC99869022.01.fits	2459317.797388	0.505811	0.000688	1.230000	0.795122
159	fl.debias.st.0420.TIC99869022.01.fits	2459317.798499	0.506118	0.000689	1.230000	0.796233
160	fl.debias.st.0422.TIC99869022.01.fits	2459317.799610	0.503497	0.000686	1.230000	0.797344
161	fl.debias.st.0424.TIC99869022.01.fits	2459317.800755	0.506426	0.000691	1.240000	0.798490
162	fl.debias.st.0426.TIC99869022.01.fits	2459317.801866	0.506771	0.000691	1.240000	0.799601
163	fl.debias.st.0428.TIC99869022.01.fits	2459317.802989	0.506294	0.000691	1.240000	0.800723
164	fl.debias.st.0430.TIC99869022.01.fits	2459317.804123	0.506850	0.000691	1.240000	0.801858
165	fl.debias.st.0432.TIC99869022.01.fits	2459317.805246	0.505367	0.000688	1.250000	0.802980
166	fl.debias.st.0434.TIC99869022.01.fits	2459317.806357	0.506030	0.000691	1.250000	0.804091
167	fl.debias.st.0436.TIC99869022.01.fits	2459317.807491	0.506257	0.000692	1.250000	0.805226
168	fl.debias.st.0438.TIC99869022.01.fits	2459317.808602	0.504867	0.000690	1.250000	0.806337
169	fl.debias.st.0440.TIC99869022.01.fits	2459317.809725	0.508019	0.000694	1.260000	0.807459
170	fl.debias.st.0442.TIC99869022.01.fits	2459317.810824	0.505220	0.000691	1.260000	0.808559
171	fl.debias.st.0444.TIC99869022.01.fits	2459317.811935	0.506865	0.000693	1.260000	0.809670
172	fl.debias.st.0446.TIC99869022.01.fits	2459317.813058	0.505726	0.000692	1.260000	0.810793
173	fl.debias.st.0448.TIC99869022.01.fits	2459317.814181	0.506766	0.000693	1.270000	0.811916
174	fl.debias.st.0450.TIC99869022.01.fits	2459317.815303	0.505185	0.000692	1.270000	0.813038
175	fl.debias.st.0452.TIC99869022.01.fits	2459317.816437	0.506082	0.000693	1.270000	0.814172
176	fl.debias.st.0454.TIC99869022.01.fits	2459317.817548	0.504216	0.000691	1.270000	0.815284
177	fl.debias.st.0456.TIC99869022.01.fits	2459317.818671	0.505995	0.000693	1.280000	0.816406
178	fl.debias.st.0458.TIC99869022.01.fits	2459317.819794	0.506838	0.000695	1.280000	0.817529
179	fl.debias.st.0460.TIC99869022.01.fits	2459317.820893	0.506211	0.000696	1.280000	0.818628
180	fl.debias.st.0462.TIC99869022.01.fits	2459317.822039	0.503329	0.000691	1.290000	0.819774
181	fl.debias.st.0464.TIC99869022.01.fits	2459317.823173	0.505780	0.000696	1.290000	0.820909
182	fl.debias.st.0466.TIC99869022.01.fits	2459317.824319	0.505506	0.000696	1.290000	0.822054
183	fl.debias.st.0468.TIC99869022.01.fits	2459317.825453	0.504511	0.000695	1.300000	0.823189
184	fl.debias.st.0470.TIC99869022.01.fits	2459317.826576	0.504257	0.000697	1.300000	0.824311
185	fl.debias.st.0472.TIC99869022.01.fits	2459317.827675	0.505039	0.000698	1.300000	0.825411
186	fl.debias.st.0474.TIC99869022.01.fits	2459317.828809	0.503961	0.000697	1.310000	0.826545
187	fl.debias.st.0476.TIC99869022.01.fits	2459317.829932	0.505691	0.000699	1.310000	0.827668
188	fl.debias.st.0478.TIC99869022.01.fits	2459317.831055	0.503966	0.000697	1.310000	0.828791
189	fl.debias.st.0480.TIC99869022.01.fits	2459317.832177	0.505151	0.000700	1.320000	0.829913
190	fl.debias.st.0482.TIC99869022.01.fits	2459317.833288	0.503349	0.000697	1.320000	0.831024
191	fl.debias.st.0484.TIC99869022.01.fits	2459317.834411	0.504776	0.000698	1.320000	0.832147
192	fl.debias.st.0486.TIC99869022.01.fits	2459317.835533	0.504902	0.000699	1.330000	0.833270
193	fl.debias.st.0488.TIC99869022.01.fits	2459317.836656	0.505423	0.000699	1.330000	0.834392
194	fl.debias.st.0490.TIC99869022.01.fits	2459317.837779	0.504229	0.000700	1.330000	0.835515
195	fl.debias.st.0492.TIC99869022.01.fits	2459317.838890	0.507454	0.000704	1.340000	0.836626
196	fl.debias.st.0494.TIC99869022.01.fits	2459317.840024	0.505100	0.000703	1.340000	0.837760
