28.1    58856.67683     1200.0     
29.9    58860.51790     1171.0     
30.0    58885.63826     1689.9     
29.9    58887.55416     1203.6     
28.1    58916.45412     1800.0     
29.8    59170.69638     1212.9     
30.2    59183.71984     997.6     
29.8    59205.70776     1278.5     
29.5    59206.69469     1654.5     
30.1    59245.58813     1022.1     
29.7    59247.64243     1379.1     
29.9    59269.48441     1054.6     
29.3    59273.59262     1751.4     
30.4    59274.53395     858.3     
30.2    59275.47408     1048.3     
24.9    59277.58059     1800.0     
30.0    59278.53871     1396.7     
30.1    59279.57273     1214.5     
27.9    59281.45623     1800.0     
30.3    59303.45183     912.1     
30.5    59304.50004     777.5     
30.7    59305.56791     876.1     
30.5    59328.45107     872.7     
30.2    59329.43209     1087.6     
23.5    59336.40591     1800.0     
28.8    59337.46274     1800.0     
30.2    59340.39023     1089.7     
30.2    59347.34985     1036.8     
29.7    59348.45563     1662.3     
30.8    59362.45989     1070.5     
30.9    59392.37132     1165.7     
27.5    59396.37382     1800.0     
29.6    59532.66030     1734.9     
30.3    59549.69237     1426.2     
27.8    59553.67898     1800.0     
30.0    59561.64096     1312.4     
30.7    59562.64694     805.2     
30.3    59564.64881     1253.0     
30.5    59565.67390     916.0     
30.1    59566.69400     1091.4     
30.5    59568.64331     850.4     
30.2    59569.68166     1042.8     
30.2    59570.62985     1054.1     
27.7    59586.60290     1800.0     
24.3    59590.63650     1800.0     
28.9    59598.60044     1643.7     
32.0    59605.52642     1283.8     
30.3    59606.52812     1259.0     
29.2    59609.63379     1800.0     
30.1    59610.60665     1355.8     
30.3    59621.49835     1258.5     
26.7    59628.39137     1800.0     
29.6    59660.48560     1800.0     
30.4    59662.55404     1112.6     
30.6    59663.49547     1151.0     
29.8    59684.46197     1152.7     
30.0    59685.48672     1040.4     
29.6    59686.54289     1498.4     
30.1    59732.37275     1657.6     
24.3    59749.39015     1800.0  