26.7    58887.60797     1500.0     
18.8    58916.47664     1500.0     
23.5    58917.69296     1192.6     
26.7    58918.52127     1500.0     
17.5    58919.56400     1500.0     
32.5    59006.43351     1500.0     
23.6    59016.42816     1500.0     
26.2    59017.45233     1500.0     
27.4    59018.44308     1200.0     
31.6    59019.42139     1500.0     
22.6    59020.42867     1500.0     
34.0    59056.37566     1500.0     
40.6    59057.40103     1500.0     
35.9    59058.35427     1500.0     
34.5    59059.36318     1500.0     
40.0    59060.39130     1500.0     
40.1    59061.36421     1234.6     
36.1    59062.36612     1500.0     
37.5    59081.34487     1500.0     
40.3    59083.32672     1497.5     
25.6    59107.30036     1500.0     
36.0    59139.24583     1500.0     
37.7    59140.25210     1500.0     
41.0    59141.24915     1500.0     
18.7    59149.24854     1500.0     
40.4    59197.71414     1318.3     
27.3    59245.61019     1313.0     
38.8    59247.72159     2012.0     
39.0    59248.66580     1500.0     
39.3    59270.57337     1370.5     
23.7    59273.66344     1500.0     
39.6    59275.55137     1483.1     
27.9    59278.55668     1500.0     
28.0    59279.59967     1500.0     
33.8    59280.62091     1500.0     
39.5    59303.46737     1406.4     
39.6    59304.51413     1143.1     
35.6    59306.54667     1500.0     
36.9    59327.50658     1500.0     
33.0    59329.47453     1500.0     
25.8    59404.40218     2329.2     
34.3    59561.70916     1500.0     
34.5    59563.71468     1500.0     
35.7    59565.71437     1500.0     
40.0    59567.70234     1690.3     
37.7    59568.71740     1314.8     
36.0    59569.69960     1500.0     
33.0    59570.69963     1500.0     
23.9    59628.55175     1500.0     
20.7    59630.63540     1800.0     
31.3    59660.57446     1500.0     
36.8    59662.57218     1500.0     
37.2    59663.51279     1500.0     
34.9    59683.51875     1500.0     
19.9    59686.63687     1500.0     
38.8    59715.42352     2201.4     
27.9    59771.39786     1500.0     
27.5    59783.40650     1500.0     
33.8    59785.43504     1500.0     
22.2    59787.39647     1800.0     