2458897.5300233606 1.00255927 0.00492535
2458897.5301281451 0.99363703 0.00492535
2458897.5302326810 0.99132690 0.00492535
2458897.5303376946 0.99020344 0.00492535
2458897.5304425303 1.00468046 0.00492535
2458897.5305470796 0.99626283 0.00492535
2458897.5306517980 0.99819958 0.00492535
2458897.5307564992 1.01041533 0.00492535
2458897.5308613619 1.00455013 0.00492535
2458897.5309658870 1.00119105 0.00492535
2458897.5310702366 0.99642575 0.00492535
2458897.5311750844 1.00134199 0.00492535
2458897.5312798209 0.99552345 0.00492535
2458897.5313846199 0.99979819 0.00492535
2458897.5314894626 1.00566276 0.00492535
2458897.5315941442 0.99816016 0.00492535
2458897.5316988863 0.99948731 0.00492535
2458897.5318037556 0.99383615 0.00492535
2458897.5319084194 0.99477539 0.00492535
2458897.5320131374 1.00279178 0.00492535
2458897.5321180299 0.99987207 0.00492535
2458897.5322228312 1.01026110 0.00492535
2458897.5323273255 0.99913285 0.00492535
2458897.5324320323 1.00003313 0.00492535
2458897.5325367344 0.99610680 0.00492535
2458897.5326413508 0.99735574 0.00492535
2458897.5327460924 0.99527973 0.00492535
2458897.5328511102 1.00380785 0.00492535
2458897.5329557890 0.99784402 0.00492535
2458897.5330605372 1.00083029 0.00492535
2458897.5331653217 0.99771960 0.00492535
2458897.5332701677 1.00312246 0.00492535
2458897.5333764162 0.99351801 0.00492535
2458897.5334808677 0.99824025 0.00492535
2458897.5335858646 1.00136545 0.00492535
2458897.5336917061 1.01267245 0.00492535
2458897.5337981889 0.99884611 0.00492535
2458897.5339029604 0.99253320 0.00492535
2458897.5340075660 1.00634203 0.00492535
2458897.5341131478 1.00463125 0.00492535
2458897.5342179793 0.99458477 0.00492535
2458897.5343228201 0.99412549 0.00492535
2458897.5344289318 0.99709703 0.00492535
2458897.5345334969 0.99765274 0.00492535
2458897.5346381124 1.00430079 0.00492535
2458897.5347428946 1.00034128 0.00492535
2458897.5348473988 0.99305734 0.00492535
2458897.5349520445 0.99844389 0.00492535
2458897.5350565547 0.99940057 0.00492535
2458897.5351612060 0.99635446 0.00492535
2458897.5352655551 1.00104065 0.00492535
2458897.5353702744 1.00328876 0.00492535
2458897.5354749803 1.00633896 0.00492535
2458897.5355794607 0.99942786 0.00492535
2458897.5356842303 1.00001527 0.00492535
2458897.5357889305 0.99865732 0.00492535
2458897.5358936437 0.99696944 0.00492535
2458897.5359983710 1.00163489 0.00492535
2458897.5361030092 0.99448078 0.00492535
2458897.5362076303 0.99757234 0.00492535
2458897.5363122760 0.99824621 0.00492535
2458897.5364169446 1.00790957 0.00492535
2458897.5365216634 1.00169261 0.00492535
2458897.5366263799 0.99438727 0.00492535
2458897.5367311416 1.00708054 0.00492535
2458897.5368358064 0.99335653 0.00492535
2458897.5369404485 0.99923192 0.00492535
2458897.5370451072 1.00333308 0.00492535
2458897.5371497548 0.99958888 0.00492535
2458897.5372543950 1.00089899 0.00492535
2458897.5373590039 1.00058765 0.00492535
2458897.5374636590 1.00666754 0.00492535
2458897.5375683233 1.00517717 0.00492535
2458897.5376729425 1.00588165 0.00492535
2458897.5377774932 1.00107689 0.00492535
2458897.5378819709 0.99887704 0.00492535
2458897.5379866324 1.00401693 0.00492535
2458897.5380913345 0.99839197 0.00492535
2458897.5381956324 0.99963198 0.00492535
2458897.5383003992 0.99275361 0.00492535
2458897.5384051097 0.99821046 0.00492535
2458897.5385097926 1.00027015 0.00492535
2458897.5386145925 1.00484731 0.00492535
2458897.5387192504 0.99983608 0.00492535
2458897.5388239562 1.00197346 0.00492535
2458897.5389286061 1.00629721 0.00492535
2458897.5390333328 1.00686770 0.00492535
2458897.5391380088 0.99738750 0.00492535
2458897.5392426280 0.98881411 0.00492535
2458897.5393473194 1.01491876 0.00492535
2458897.5394519200 0.99870742 0.00492535
2458897.5395563697 1.00432912 0.00492535
2458897.5396608640 0.99988965 0.00492535
2458897.5397655927 1.00428605 0.00492535
2458897.5398701620 0.99571205 0.00492535
2458897.5399748194 0.99983705 0.00492535
2458897.5400793846 0.99722249 0.00492535
2458897.5401840075 1.00831489 0.00492535
2458897.5402886537 1.00097803 0.00492535
2458897.5403933399 1.00607311 0.00492535
2458897.5404981305 0.99639920 0.00492535
2458897.5406028000 1.00448073 0.00492535
2458897.5407074606 0.99742733 0.00492535
2458897.5408121427 1.00648014 0.00492535
2458897.5409167162 0.99739179 0.00492535
2458897.5410214723 1.00159198 0.00492535
2458897.5411260226 1.00252395 0.00492535
2458897.5412306786 0.99423920 0.00492535
2458897.5413355250 0.99640976 0.00492535
2458897.5414401209 1.01010720 0.00492535
2458897.5415446768 1.00202634 0.00492535
2458897.5416493271 0.99737668 0.00492535
2458897.5417539980 1.00761718 0.00492535
2458897.5418586400 1.00196741 0.00492535
2458897.5419631321 0.99710275 0.00492535
2458897.5420675902 1.00095694 0.00492535
2458897.5421722587 1.00036798 0.00492535
2458897.5422767657 1.00059053 0.00492535
2458897.5423813164 1.00265487 0.00492535
2458897.5424859715 0.99235573 0.00492535
2458897.5425906284 0.99773295 0.00492535
2458897.5426952564 0.99281852 0.00492535
2458897.5427998411 0.99952266 0.00492535
2458897.5429044962 0.99656298 0.00492535
2458897.5430092332 0.99812617 0.00492535
2458897.5431136522 1.00125353 0.00492535
2458897.5432183454 1.00182062 0.00492535
2458897.5433229269 1.00448353 0.00492535
2458897.5434276713 1.00202419 0.00492535
2458897.5435321713 0.99864506 0.00492535
2458897.5436371150 1.00165477 0.00492535
2458897.5437416383 0.99330812 0.00492535
2458897.5438460233 0.99559228 0.00492535
2458897.5439507416 0.99252477 0.00492535
2458897.5440552845 1.00015390 0.00492535
2458897.5441599260 1.00344391 0.00492535
2458897.5442646486 1.00368436 0.00492535
2458897.5443692240 1.00682271 0.00492535
2458897.5444738665 0.99915787 0.00492535
2458897.5445787515 1.00005810 0.00492535
2458897.5446832557 1.00822372 0.00492535
2458897.5447879983 1.00193360 0.00492535
2458897.5448923022 0.99482154 0.00492535
2458897.5449968209 0.99378777 0.00492535
2458897.5451014866 0.99371324 0.00492535
2458897.5452061291 0.99736480 0.00492535
2458897.5453108605 1.00097487 0.00492535
2458897.5454155444 1.00796690 0.00492535
2458897.5455202237 1.00107208 0.00492535
2458897.5456249416 1.00195236 0.00492535
2458897.5457295869 0.99619295 0.00492535
2458897.5458343215 1.00648133 0.00492535
2458897.5459390888 1.00043444 0.00492535
2458897.5460436703 0.99408329 0.00492535
2458897.5461481167 0.99489605 0.00492535
2458897.5462528183 1.00243664 0.00492535
2458897.5463574184 0.99948887 0.00492535
2458897.5464620236 1.00463800 0.00492535
2458897.5465666889 1.00366621 0.00492535
2458897.5466712760 0.98545450 0.00492535
2458897.5467758179 0.99992138 0.00492535
2458897.5468802461 1.00257467 0.00492535
2458897.5469848951 1.00509842 0.00492535
2458897.5470895614 1.00098669 0.00492535
2458897.5471943435 1.00838798 0.00492535
2458897.5472991387 1.00841825 0.00492535
2458897.5474038403 0.99668613 0.00492535
2458897.5475085527 0.98992068 0.00492535
2458897.5476133274 1.00041685 0.00492535
2458897.5477178963 1.00165904 0.00492535
2458897.5478225267 0.99738956 0.00492535
2458897.5479272460 1.00353229 0.00492535
2458897.5480318964 0.98787542 0.00492535
2458897.5481364559 1.00219835 0.00492535
2458897.5482411259 0.99730968 0.00492535
2458897.5483460361 0.99734880 0.00492535
2458897.5484507042 1.00073892 0.00492535
2458897.5485553411 0.99871432 0.00492535
2458897.5486600832 1.00586501 0.00492535
2458897.5487648561 0.99903922 0.00492535
2458897.5488693789 1.00432657 0.00492535
2458897.5489743226 0.99740318 0.00492535
2458897.5490790070 0.99707176 0.00492535
2458897.5491835629 0.99189947 0.00492535
2458897.5492880330 1.00529718 0.00492535
2458897.5493931267 0.99975615 0.00492535
2458897.5494975806 0.99791304 0.00492535
2458897.5496021961 0.99787564 0.00492535
2458897.5497069559 1.00158527 0.00492535
2458897.5498116692 0.99549247 0.00492535
2458897.5499163838 1.00522751 0.00492535
2458897.5500210421 1.00464019 0.00492535
2458897.5501256064 1.00985191 0.00492535
2458897.5502303122 0.99885474 0.00492535
2458897.5503348983 1.00483191 0.00492535
2458897.5504392269 0.99866375 0.00492535
2458897.5505438955 1.00261399 0.00492535
2458897.5506486641 1.00423798 0.00492535
2458897.5507533588 1.00159847 0.00492535
2458897.5508580543 1.00561447 0.00492535
2458897.5509627489 0.99816875 0.00492535
2458897.5510678007 1.00624660 0.00492535
2458897.5511726025 1.00454622 0.00492535
2458897.5512774694 1.00292394 0.00492535
2458897.5513826269 0.99848944 0.00492535
2458897.5514875702 1.01080764 0.00492535
2458897.5515931998 0.99941996 0.00492535
2458897.5516978926 0.99772149 0.00492535
2458897.5518024559 1.00246680 0.00492535
2458897.5519070984 1.00066119 0.00492535
2458897.5520118293 1.00058734 0.00492535
2458897.5521166157 0.99583389 0.00492535
2458897.5522215473 1.00414541 0.00492535
2458897.5523263426 0.99881586 0.00492535
2458897.5524311154 1.00896223 0.00492535
2458897.5525358492 1.00056922 0.00492535
2458897.5526410374 1.01118384 0.00492535
2458897.5527457572 1.00056638 0.00492535
2458897.5528504606 1.00217414 0.00492535
2458897.5529551338 0.98492782 0.00492535
2458897.5530598033 1.00014367 0.00492535
2458897.5531648528 0.99704319 0.00492535
2458897.5532695586 0.99519602 0.00492535
2458897.5533741266 0.99757959 0.00492535
2458897.5534788538 1.00173089 0.00492535
2458897.5535835619 1.00108798 0.00492535
2458897.5536890505 1.00565387 0.00492535
2458897.5537937698 0.99585095 0.00492535
2458897.5538983415 0.99641690 0.00492535
2458897.5540027837 1.00249894 0.00492535
2458897.5541074863 0.99853191 0.00492535
2458897.5542121092 0.99774177 0.00492535
2458897.5543167302 1.00512658 0.00492535
2458897.5544214193 0.99835524 0.00492535
2458897.5545262014 0.99613796 0.00492535
2458897.5546309114 1.00223507 0.00492535
2458897.5547356657 1.00173047 0.00492535
2458897.5548401074 0.99326138 0.00492535
2458897.5549448528 1.00190486 0.00492535
2458897.5550494031 0.99862073 0.00492535
2458897.5551541122 1.00290775 0.00492535
2458897.5552588115 0.99231485 0.00492535
2458897.5553635666 0.99886780 0.00492535
2458897.5554683134 1.00018190 0.00492535
2458897.5555730509 1.00405735 0.00492535
2458897.5556776947 1.00371675 0.00492535
2458897.5557824373 0.99422460 0.00492535
2458897.5558871222 1.00296377 0.00492535
2458897.5559918019 0.99848820 0.00492535
2458897.5560964765 0.99422004 0.00492535
2458897.5562011292 0.99629413 0.00492535
2458897.5563058518 0.99525710 0.00492535
2458897.5564106279 1.00466039 0.00492535
2458897.5565152634 0.99585623 0.00492535
2458897.5566196996 1.00055678 0.00492535
2458897.5567243681 1.00429153 0.00492535
2458897.5568290711 0.99383811 0.00492535
2458897.5569337253 1.00184198 0.00492535
2458897.5570384180 1.01388673 0.00492535
2458897.5571431345 0.99388379 0.00492535
2458897.5572476238 1.00221184 0.00492535
2458897.5573522565 1.00339447 0.00492535
2458897.5574569963 1.00381660 0.00492535
2458897.5575615941 1.00332897 0.00492535
2458897.5576663553 1.00316653 0.00492535
2458897.5577710760 0.99834325 0.00492535
2458897.5578763718 1.00363823 0.00492535
2458897.5579810953 1.00356610 0.00492535
2458897.5580857806 0.99627044 0.00492535
2458897.5581905656 1.00869380 0.00492535
2458897.5582952821 0.99978729 0.00492535
2458897.5584002347 1.00236507 0.00492535
2458897.5585049298 1.00422273 0.00492535
2458897.5586095839 0.99999967 0.00492535
2458897.5587142659 0.99809809 0.00492535
2458897.5588189326 0.99838726 0.00492535
2458897.5589237032 0.99527462 0.00492535
2458897.5590284732 0.99567889 0.00492535
2458897.5591333508 1.01217566 0.00492535
2458897.5592380567 0.99716605 0.00492535
2458897.5593429166 1.00001720 0.00492535
2458897.5594474571 1.00724193 0.00492535
2458897.5595521973 1.00665802 0.00492535
2458897.5596569520 0.99957696 0.00492535
2458897.5597618292 0.99875020 0.00492535
2458897.5598665359 1.00343720 0.00492535
2458897.5599712352 1.00306533 0.00492535
2458897.5600757543 1.00512768 0.00492535
2458897.5601804634 1.00192121 0.00492535
2458897.5602851659 1.00070434 0.00492535
2458897.5603899248 0.99092261 0.00492535
2458897.5604949081 1.00648857 0.00492535
2458897.5605999678 1.00331084 0.00492535
2458897.5607044129 1.00159858 0.00492535
2458897.5608090586 1.00323594 0.00492535
2458897.5609138291 1.00480036 0.00492535
2458897.5610185326 1.00100766 0.00492535
2458897.5611232398 1.00381948 0.00492535
2458897.5612280429 1.00530130 0.00492535
2458897.5613326165 1.00209492 0.00492535
2458897.5614372445 0.99632947 0.00492535
2458897.5615418260 0.99789133 0.00492535
2458897.5616465509 1.00274687 0.00492535
2458897.5617517144 0.99861586 0.00492535
2458897.5618565218 1.00568974 0.00492535
2458897.5619611447 0.99707232 0.00492535
2458897.5620659404 0.99642648 0.00492535
2458897.5621706727 1.00159794 0.00492535
2458897.5622753380 1.00277044 0.00492535
2458897.5623800629 1.00305362 0.00492535
2458897.5624847598 1.00205144 0.00492535
2458897.5625895150 0.99978542 0.00492535
2458897.5626942832 1.00300796 0.00492535
2458897.5627990859 1.00107577 0.00492535
2458897.5629037805 0.99927920 0.00492535
2458897.5630086847 1.00876350 0.00492535
2458897.5631132461 0.99751023 0.00492535
2458897.5632179468 0.99776805 0.00492535
2458897.5633225879 1.00209887 0.00492535
2458897.5634273174 0.99396720 0.00492535
2458897.5635320744 0.99287048 0.00492535
2458897.5636370676 1.00585370 0.00492535
2458897.5637418600 0.99240195 0.00492535
2458897.5638464857 1.00256894 0.00492535
2458897.5639511570 0.99392874 0.00492535
2458897.5640557269 0.99224030 0.00492535
2458897.5641604061 0.99816928 0.00492535
2458897.5642651049 1.00414252 0.00492535
2458897.5643698550 0.99548022 0.00492535
2458897.5644745412 0.99744762 0.00492535
2458897.5645792363 0.99850051 0.00492535
2458897.5646841382 0.99421275 0.00492535
2458897.5647891499 1.00393445 0.00492535
2458897.5648936960 0.99973193 0.00492535
2458897.5649986831 1.00250291 0.00492535
2458897.5651036608 1.00863107 0.00492535
2458897.5652084067 1.00193542 0.00492535
2458897.5653129732 0.99245843 0.00492535
2458897.5654176753 1.00362153 0.00492535
2458897.5655223541 0.99529458 0.00492535
2458897.5656273863 0.99352868 0.00492535
2458897.5657323194 0.99937803 0.00492535
2458897.5658377772 1.00068649 0.00492535
2458897.5659426623 0.99799806 0.00492535
2458897.5660472754 1.00589658 0.00492535
2458897.5661521237 0.99887460 0.00492535
2458897.5662569604 0.99606603 0.00492535
2458897.5663615963 1.00147573 0.00492535
2458897.5664664670 1.00497410 0.00492535
2458897.5665713078 1.00381087 0.00492535
2458897.5666759675 0.99746898 0.00492535
2458897.5667810016 0.99979360 0.00492535
2458897.5668859608 0.99787684 0.00492535
2458897.5669908095 1.00159259 0.00492535
2458897.5670959330 0.99313913 0.00492535
2458897.5672006519 0.99695587 0.00492535
2458897.5673055383 0.99982310 0.00492535
2458897.5674104136 0.99570474 0.00492535
2458897.5675150473 0.99817124 0.00492535
2458897.5676197251 1.00212291 0.00492535
2458897.5677248463 0.99831276 0.00492535
2458897.5678296592 0.99881238 0.00492535
2458897.5679348484 0.99414794 0.00492535
2458897.5680397484 1.00350927 0.00492535
2458897.5681446660 1.00435575 0.00492535
2458897.5682500554 0.99590975 0.00492535
2458897.5683548041 1.00378654 0.00492535
2458897.5684596854 1.00059548 0.00492535
2458897.5685653356 1.00358893 0.00492535
2458897.5686703995 1.00189414 0.00492535
2458897.5687751439 0.99197604 0.00492535
2458897.5688804663 0.99377848 0.00492535
2458897.5689850738 0.99611305 0.00492535
2458897.5690901354 0.99722633 0.00492535
2458897.5691953604 0.99811019 0.00492535
2458897.5693005440 1.00237193 0.00492535
2458897.5694056978 1.00310047 0.00492535
2458897.5695105889 0.99464163 0.00492535
2458897.5696155257 0.99121370 0.00492535
2458897.5697208270 0.99965324 0.00492535
2458897.5698255533 1.00868456 0.00492535
2458897.5699302447 0.99983533 0.00492535
2458897.5700353738 0.99779479 0.00492535
2458897.5701402156 0.99051908 0.00492535
2458897.5702450210 1.00299932 0.00492535
2458897.5703500276 1.00155602 0.00492535
2458897.5704547050 1.00668338 0.00492535
2458897.5705595831 1.00084090 0.00492535
2458897.5706642158 1.00522478 0.00492535
2458897.5707689547 0.99631260 0.00492535
2458897.5708741397 1.00847072 0.00492535
2458897.5709789745 0.99760245 0.00492535
2458897.5710837180 0.99874430 0.00492535
2458897.5711883851 1.00046960 0.00492535
2458897.5712930388 0.99251757 0.00492535
2458897.5713975998 0.99628354 0.00492535
2458897.5715022497 1.00019833 0.00492535
2458897.5716067241 0.99924291 0.00492535
2458897.5717119775 1.00141704 0.00492535
2458897.5718170847 1.00555294 0.00492535
2458897.5719219209 0.99007416 0.00492535
2458897.5720267002 1.00496762 0.00492535
2458897.5721315183 1.00193170 0.00492535
2458897.5722362581 1.00331581 0.00492535
2458897.5723411669 0.98940005 0.00492535
2458897.5724459402 0.99493776 0.00492535
2458897.5725506945 1.00072245 0.00492535
2458897.5726554017 0.99424117 0.00492535
2458897.5727599254 0.99795567 0.00492535
2458897.5728646922 1.00462802 0.00492535
2458897.5729693938 1.00046698 0.00492535
2458897.5730739608 1.00877926 0.00492535
2458897.5731786932 0.99093997 0.00492535
2458897.5732835196 1.00400367 0.00492535
2458897.5733881178 0.99970543 0.00492535
2458897.5734927235 1.00458003 0.00492535
2458897.5735974116 1.00317719 0.00492535
2458897.5737018292 0.99337141 0.00492535
2458897.5738067282 1.00748648 0.00492535
2458897.5739113963 1.00082505 0.00492535
2458897.5740161110 0.99602780 0.00492535
2458897.5741208084 0.99996669 0.00492535
2458897.5742254872 0.99957441 0.00492535
2458897.5743302498 0.99005663 0.00492535
2458897.5744349705 0.99400925 0.00492535
2458897.5745397336 0.99287994 0.00492535
2458897.5746443542 0.99520860 0.00492535
2458897.5747490926 0.99852761 0.00492535
2458897.5748538543 0.99422577 0.00492535
2458897.5749585549 0.99489763 0.00492535
2458897.5750632174 0.99450178 0.00492535
2458897.5751678948 1.00042678 0.00492535
2458897.5752725094 0.99524791 0.00492535
2458897.5753772645 1.00113076 0.00492535
2458897.5754819908 0.99594893 0.00492535
2458897.5755865229 0.99999067 0.00492535
2458897.5756910951 0.98971489 0.00492535
2458897.5757952677 1.00389148 0.00492535
2458897.5759004843 1.00319648 0.00492535
2458897.5760051259 0.99291288 0.00492535
2458897.5761095705 0.99811878 0.00492535
2458897.5762141980 0.99629390 0.00492535
2458897.5763187623 0.99439938 0.00492535
2458897.5764236813 0.99912171 0.00492535
2458897.5765284132 0.99492131 0.00492535
2458897.5766332783 1.00378542 0.00492535
2458897.5767379701 1.00263332 0.00492535
2458897.5768426382 0.99323746 0.00492535
2458897.5769476192 0.99413856 0.00492535
2458897.5770523506 0.99577822 0.00492535
2458897.5771570280 0.99490778 0.00492535
2458897.5772617324 1.00019221 0.00492535
2458897.5773666999 0.99075010 0.00492535
2458897.5774713978 1.00259876 0.00492535
2458897.5775761083 0.99509825 0.00492535
2458897.5776807829 1.00215419 0.00492535
2458897.5777854733 0.99807212 0.00492535
2458897.5778900487 0.99903311 0.00492535
2458897.5779947573 0.99979778 0.00492535
2458897.5780994357 1.00411778 0.00492535
2458897.5782041545 1.00146257 0.00492535
2458897.5783088654 0.99330676 0.00492535
2458897.5784135526 0.99021533 0.00492535
2458897.5785182836 0.99133917 0.00492535
2458897.5786230788 0.99962919 0.00492535
2458897.5787280547 0.99747689 0.00492535
2458897.5788328792 1.00102454 0.00492535
2458897.5789376032 1.00132269 0.00492535
2458897.5790423332 0.99367311 0.00492535
2458897.5791470818 0.99583495 0.00492535
2458897.5792518221 0.99559252 0.00492535
2458897.5793563924 0.99712630 0.00492535
2458897.5794609771 0.98721028 0.00492535
2458897.5795654966 1.00288092 0.00492535
2458897.5796700609 1.00131517 0.00492535
2458897.5797747821 0.99400150 0.00492535
2458897.5798793347 0.98866670 0.00492535
2458897.5799840586 0.99162912 0.00492535
2458897.5800889391 0.99108735 0.00492535
2458897.5801939764 1.00230157 0.00492535
2458897.5802987050 0.99736498 0.00492535
2458897.5804034960 0.99377171 0.00492535
2458897.5805080063 0.99650722 0.00492535
2458897.5806132043 0.99677706 0.00492535
2458897.5807177788 0.99942951 0.00492535
2458897.5808224794 0.99819877 0.00492535
2458897.5809271741 0.99660142 0.00492535
2458897.5810319032 0.99487258 0.00492535
2458897.5811365591 0.99860887 0.00492535
2458897.5812417092 0.99262553 0.00492535
2458897.5813464983 1.00215213 0.00492535
2458897.5814511278 0.99377663 0.00492535
2458897.5815558238 0.99485446 0.00492535
2458897.5816604551 0.99463459 0.00492535
2458897.5817651544 0.99400602 0.00492535
2458897.5818698504 1.00101345 0.00492535
2458897.5819744039 0.99576783 0.00492535
2458897.5820794785 0.99518585 0.00492535
2458897.5821840833 1.00223930 0.00492535
2458897.5822891826 1.00028313 0.00492535
2458897.5823939973 0.99879564 0.00492535
2458897.5824986473 0.99466600 0.00492535
2458897.5826033116 0.99842625 0.00492535
2458897.5827079481 0.99552018 0.00492535
2458897.5828126278 0.99387947 0.00492535
2458897.5829173671 0.99110139 0.00492535
2458897.5830220212 0.99538531 0.00492535
2458897.5831266940 0.99092483 0.00492535
2458897.5832314002 0.99213526 0.00492535
2458897.5833360613 0.99800319 0.00492535
2458897.5834410680 0.99324505 0.00492535
2458897.5835458725 0.99130875 0.00492535
2458897.5836506174 0.99476810 0.00492535
2458897.5837549446 0.99424964 0.00492535
2458897.5838596476 1.00186783 0.00492535
2458897.5839644093 0.99952060 0.00492535
2458897.5840691663 1.00292018 0.00492535
2458897.5841739550 0.99730034 0.00492535
2458897.5842786427 0.98968826 0.00492535
2458897.5843833317 0.99158768 0.00492535
2458897.5844881688 0.99993658 0.00492535
2458897.5845926320 1.00346837 0.00492535
2458897.5846973541 0.99584031 0.00492535
2458897.5848020329 0.99798750 0.00492535
2458897.5849068151 0.99467022 0.00492535
2458897.5850115423 0.99579765 0.00492535
2458897.5851162216 0.99336918 0.00492535
2458897.5852209562 0.99671333 0.00492535
2458897.5853256648 0.98994855 0.00492535
2458897.5854303846 0.99833616 0.00492535
2458897.5855349712 0.99232779 0.00492535
2458897.5856396314 0.99387991 0.00492535
2458897.5857443213 0.99907616 0.00492535
2458897.5858498183 0.99289298 0.00492535
2458897.5859544822 0.99957215 0.00492535
2458897.5860592420 0.99974105 0.00492535
2458897.5861640396 0.99758568 0.00492535
2458897.5862685530 1.00160276 0.00492535
2458897.5863733110 0.99547512 0.00492535
2458897.5864779837 0.99608854 0.00492535
2458897.5865833694 0.99268103 0.00492535
2458897.5866881269 0.99562870 0.00492535
2458897.5867928159 0.99358215 0.00492535
2458897.5868973760 0.98597580 0.00492535
2458897.5870020613 0.99663572 0.00492535
2458897.5871068016 0.99496362 0.00492535
2458897.5872114296 0.99247404 0.00492535
2458897.5873160758 0.99538613 0.00492535
2458897.5874207513 0.99574236 0.00492535
2458897.5875254860 0.99529120 0.00492535
2458897.5876297127 0.98836206 0.00492535
2458897.5877344995 0.99119041 0.00492535
2458897.5878392407 0.99463919 0.00492535
2458897.5879438128 0.99571608 0.00492535
2458897.5880489596 0.99587616 0.00492535
2458897.5881536673 0.99551346 0.00492535
2458897.5882582935 0.99341594 0.00492535
2458897.5883630579 0.99520071 0.00492535
2458897.5884677409 0.99484068 0.00492535
2458897.5885725454 0.99255759 0.00492535
2458897.5886771404 0.99621814 0.00492535
2458897.5887820921 0.99463074 0.00492535
2458897.5888867821 0.99710470 0.00492535
2458897.5889914832 0.99339565 0.00492535
2458897.5890963264 0.98855567 0.00492535
2458897.5892008767 0.99631388 0.00492535
2458897.5893055056 0.99154878 0.00492535
2458897.5894102403 0.99170555 0.00492535
2458897.5895150518 0.99620995 0.00492535
2458897.5896197930 0.99291694 0.00492535
2458897.5897243624 0.99044344 0.00492535
2458897.5898291632 0.99503330 0.00492535
2458897.5899340278 0.98960043 0.00492535
2458897.5900389221 0.99875827 0.00492535
2458897.5901436782 0.98952283 0.00492535
2458897.5902484944 0.99178164 0.00492535
2458897.5903532943 0.99389405 0.00492535
2458897.5904580131 0.99999646 0.00492535
2458897.5905629098 0.99505509 0.00492535
2458897.5906677358 0.99406318 0.00492535
2458897.5907724481 0.99754313 0.00492535
2458897.5908772829 0.99387675 0.00492535
2458897.5909819733 0.98793641 0.00492535
2458897.5910867248 1.00042906 0.00492535
2458897.5911913570 0.99248485 0.00492535
2458897.5912959911 1.00101447 0.00492535
2458897.5914006652 0.99571424 0.00492535
2458897.5915053515 0.99447889 0.00492535
2458897.5916100023 0.99520201 0.00492535
2458897.5917149764 0.99213919 0.00492535
2458897.5918196826 1.00524013 0.00492535
2458897.5919242892 0.99800060 0.00492535
2458897.5920289936 0.99587190 0.00492535
2458897.5921338010 0.99233164 0.00492535
2458897.5922383987 0.99481193 0.00492535
2458897.5923430785 0.99307310 0.00492535
2458897.5924478224 1.00400858 0.00492535
2458897.5925525762 0.99049110 0.00492535
2458897.5926572555 0.99251343 0.00492535
2458897.5927620446 1.00043091 0.00492535
2458897.5928667318 0.99741701 0.00492535
2458897.5929714255 0.99489695 0.00492535
2458897.5930764275 0.99397428 0.00492535
2458897.5931811696 0.99905133 0.00492535
2458897.5932859886 0.99684753 0.00492535
2458897.5933906371 0.99820934 0.00492535
2458897.5934947920 0.99261153 0.00492535
2458897.5935993078 0.99004445 0.00492535
2458897.5937040779 0.99640127 0.00492535
2458897.5938085550 0.99545035 0.00492535
2458897.5939133167 1.00573237 0.00492535
2458897.5940178661 0.99318559 0.00492535
2458897.5941226711 0.99158469 0.00492535
2458897.5942274393 0.99259587 0.00492535
2458897.5943320910 0.99253227 0.00492535
2458897.5944367759 0.99079230 0.00492535
2458897.5945414891 0.99542521 0.00492535
2458897.5946462401 0.99158195 0.00492535
2458897.5947511406 0.99370852 0.00492535
2458897.5948556284 0.99954749 0.00492535
2458897.5949603165 0.99464495 0.00492535
2458897.5950650140 0.99369304 0.00492535
2458897.5951697007 0.99505616 0.00492535
2458897.5952743962 0.99844362 0.00492535
2458897.5953790690 0.99575861 0.00492535
2458897.5954838675 0.98887209 0.00492535
2458897.5955886091 0.99950188 0.00492535
2458897.5956933573 0.99363193 0.00492535
2458897.5957984459 0.99146456 0.00492535
2458897.5959031489 0.99596548 0.00492535
2458897.5960076712 0.99835735 0.00492535
2458897.5961123360 0.99588081 0.00492535
2458897.5962173715 0.99258698 0.00492535
2458897.5963222627 0.99360815 0.00492535
2458897.5964270225 0.99326155 0.00492535
2458897.5965318140 0.99459624 0.00492535
2458897.5966363624 0.98993297 0.00492535
2458897.5967411282 0.99496437 0.00492535
2458897.5968458592 0.99411534 0.00492535
2458897.5969505855 0.99749603 0.00492535
2458897.5970551688 0.99066857 0.00492535
2458897.5971599249 1.00007871 0.00492535
2458897.5972647169 0.99747611 0.00492535
2458897.5973695121 0.99621248 0.00492535
2458897.5974741834 0.99806561 0.00492535
2458897.5975789321 0.99574594 0.00492535
2458897.5976836151 0.99508370 0.00492535
2458897.5977883665 0.99001826 0.00492535
2458897.5978930895 0.99496171 0.00492535
2458897.5979978228 0.98903288 0.00492535
2458897.5981024439 0.99933154 0.00492535
2458897.5982071767 0.99590534 0.00492535
2458897.5983124725 1.00087635 0.00492535
2458897.5984178632 0.99254432 0.00492535
2458897.5985231358 0.98973718 0.00492535
2458897.5986278784 0.99437300 0.00492535
2458897.5987323257 0.99466025 0.00492535
2458897.5988370646 0.99541757 0.00492535
2458897.5989418342 0.99054689 0.00492535
2458897.5990469577 0.99551469 0.00492535
2458897.5991516360 0.99445090 0.00492535
2458897.5992565104 0.99812146 0.00492535
2458897.5993613163 0.99720914 0.00492535
2458897.5994657734 0.99723621 0.00492535
2458897.5995704122 0.99565252 0.00492535
2458897.5996753345 0.98798290 0.00492535
2458897.5997799751 0.99366692 0.00492535
2458897.5998846167 0.99170380 0.00492535
2458897.5999893276 0.99489725 0.00492535
2458897.6000940180 0.99643810 0.00492535
2458897.6001987266 0.99519950 0.00492535
2458897.6003035400 0.99875578 0.00492535
2458897.6004084325 0.99719141 0.00492535
2458897.6005131477 0.99808241 0.00492535
2458897.6006178651 0.99758217 0.00492535
2458897.6007225821 0.99423989 0.00492535
2458897.6008273140 0.99387692 0.00492535
2458897.6009323373 0.99226996 0.00492535
2458897.6010371069 0.98775654 0.00492535
2458897.6011417783 0.99237061 0.00492535
2458897.6012466564 0.99019806 0.00492535
2458897.6013514646 0.99309993 0.00492535
2458897.6014561523 0.99207487 0.00492535
2458897.6015609456 0.99094512 0.00492535
2458897.6016657529 0.99334053 0.00492535
2458897.6017709374 0.98653504 0.00492535
2458897.6018756600 0.99691720 0.00492535
2458897.6019802592 0.99345729 0.00492535
2458897.6020849491 0.99668036 0.00492535
2458897.6021896894 0.99378206 0.00492535
2458897.6022945382 0.99372410 0.00492535
2458897.6023993893 0.99912782 0.00492535
2458897.6025038441 0.99652870 0.00492535
2458897.6026085657 0.99795301 0.00492535
2458897.6027132613 0.99481057 0.00492535
2458897.6028180607 0.99068260 0.00492535
2458897.6029227725 0.99322832 0.00492535
2458897.6030274448 0.99996746 0.00492535
2458897.6031321641 0.99311432 0.00492535
2458897.6032368778 0.99431366 0.00492535
2458897.6033416204 0.99475250 0.00492535
2458897.6034463723 0.99523736 0.00492535
2458897.6035511736 0.99379070 0.00492535
2458897.6036557211 0.98740883 0.00492535
2458897.6037604823 0.99087277 0.00492535
2458897.6038652193 0.99380652 0.00492535
2458897.6039699111 0.99019070 0.00492535
2458897.6040746127 0.99994381 0.00492535
2458897.6041792412 0.99492976 0.00492535
2458897.6042839466 0.99446225 0.00492535
2458897.6043887530 0.99486371 0.00492535
2458897.6044935076 0.98999683 0.00492535
2458897.6045982367 0.99601199 0.00492535
2458897.6047028387 0.99337392 0.00492535
2458897.6048076344 0.99412224 0.00492535
2458897.6049123392 0.98924976 0.00492535
2458897.6050170898 0.99686132 0.00492535
2458897.6051218575 0.99612960 0.00492535
2458897.6052265624 0.99937489 0.00492535
2458897.6053312905 0.99999748 0.00492535
2458897.6054360461 0.99524792 0.00492535
2458897.6055407692 0.98845903 0.00492535
2458897.6056455467 0.99202127 0.00492535
2458897.6057499386 0.98853663 0.00492535
2458897.6058546891 0.99224240 0.00492535
2458897.6059593591 0.99662427 0.00492535
2458897.6060641101 0.99089455 0.00492535
2458897.6061689090 0.98851551 0.00492535
2458897.6062736632 0.99174496 0.00492535
2458897.6063783881 0.99573249 0.00492535
2458897.6064831875 0.99041670 0.00492535
2458897.6065879106 0.98701023 0.00492535
2458897.6066926811 0.99943403 0.00492535
2458897.6067974530 0.99771291 0.00492535
2458897.6069021090 0.99474623 0.00492535
2458897.6070069266 0.99341692 0.00492535
2458897.6071116333 0.99601682 0.00492535
2458897.6072163102 0.98965801 0.00492535
2458897.6073215152 0.99027209 0.00492535
2458897.6074261954 0.98892776 0.00492535
2458897.6075309538 0.99180105 0.00492535
2458897.6076357299 0.99545297 0.00492535
2458897.6077403822 1.00084127 0.00492535
2458897.6078449409 1.00352671 0.00492535
2458897.6079495195 0.99941982 0.00492535
2458897.6080541187 0.99243837 0.00492535
2458897.6081592101 0.99307037 0.00492535
2458897.6082639978 0.99246423 0.00492535
2458897.6083687455 0.99156398 0.00492535
2458897.6084737177 0.99260576 0.00492535
2458897.6085784035 0.99568829 0.00492535
2458897.6086830506 0.99413744 0.00492535
2458897.6087877755 0.99972120 0.00492535
2458897.6088927421 0.99129484 0.00492535
2458897.6089974158 0.99567604 0.00492535
2458897.6091025672 1.00239451 0.00492535
2458897.6092069088 0.99507409 0.00492535
2458897.6093116314 0.99444658 0.00492535
2458897.6094164662 0.99769128 0.00492535
2458897.6095211273 1.00011791 0.00492535
2458897.6096258354 0.99282523 0.00492535
2458897.6097305450 0.99113225 0.00492535
2458897.6098351991 0.98881510 0.00492535
2458897.6099398364 0.99621474 0.00492535
2458897.6100445720 0.99349335 0.00492535
2458897.6101492802 0.99531783 0.00492535
2458897.6102539790 0.99971939 0.00492535
2458897.6103587043 0.99943441 0.00492535
2458897.6104632812 0.98733384 0.00492535
2458897.6105684559 0.99732887 0.00492535
2458897.6106731617 0.99222100 0.00492535
2458897.6107784496 0.98880405 0.00492535
2458897.6108831074 0.99756578 0.00492535
2458897.6109876037 0.99367762 0.00492535
2458897.6110924478 1.00440155 0.00492535
2458897.6111971620 0.99383078 0.00492535
2458897.6113019050 0.98924670 0.00492535
2458897.6114065102 0.99637508 0.00492535
2458897.6115114205 0.99581286 0.00492535
2458897.6116160946 0.98754367 0.00492535
2458897.6117207734 0.99498696 0.00492535
2458897.6118254438 0.99893834 0.00492535
2458897.6119301100 0.99447207 0.00492535
2458897.6120349001 0.99079623 0.00492535
2458897.6121400530 0.99700561 0.00492535
2458897.6122446996 0.98588390 0.00492535
2458897.6123495153 0.99256336 0.00492535
2458897.6124542044 0.99619753 0.00492535
2458897.6125588072 0.99735953 0.00492535
2458897.6126635685 0.99733262 0.00492535
2458897.6127682100 0.99936774 0.00492535
2458897.6128734355 0.99477890 0.00492535
2458897.6129783331 0.99575089 0.00492535
2458897.6130830650 0.99647006 0.00492535
2458897.6131878910 0.99283811 0.00492535
2458897.6132924454 0.99267348 0.00492535
2458897.6133970544 0.99419003 0.00492535
2458897.6135019474 0.99375292 0.00492535
2458897.6136064609 0.98974253 0.00492535
2458897.6137112249 0.99316035 0.00492535
2458897.6138158385 0.99383809 0.00492535
2458897.6139205699 0.99368922 0.00492535
2458897.6140250573 0.99873881 0.00492535
2458897.6141296565 0.99239261 0.00492535
2458897.6142347334 0.99609770 0.00492535
2458897.6143399212 0.99743183 0.00492535
2458897.6144449092 0.99428655 0.00492535
2458897.6145497086 0.99742312 0.00492535
2458897.6146542802 0.99726282 0.00492535
2458897.6147590019 0.99376286 0.00492535
2458897.6148636760 0.99991769 0.00492535
2458897.6149684121 0.98752532 0.00492535
2458897.6150729177 0.99655997 0.00492535
2458897.6151775839 0.99445785 0.00492535
2458897.6152827227 0.99478788 0.00492535
2458897.6153873834 0.99502790 0.00492535
2458897.6154920436 0.99500258 0.00492535
2458897.6155966818 0.99226626 0.00492535
2458897.6157014910 0.99624640 0.00492535
2458897.6158062462 0.99794498 0.00492535
2458897.6159109874 0.99244228 0.00492535
2458897.6160157863 1.00082523 0.00492535
2458897.6161205368 0.99330017 0.00492535
2458897.6162251281 0.99887869 0.00492535
2458897.6163304583 0.99338996 0.00492535
2458897.6164352242 0.99818621 0.00492535
2458897.6165400073 0.99704145 0.00492535
2458897.6166447545 0.99676261 0.00492535
2458897.6167495018 0.99413496 0.00492535
2458897.6168544912 0.99456805 0.00492535
2458897.6169590773 0.99913274 0.00492535
2458897.6170644430 0.99319637 0.00492535
2458897.6171691101 0.99327871 0.00492535
2458897.6172738322 0.99512134 0.00492535
2458897.6173785776 0.99784742 0.00492535
2458897.6174829900 1.00430942 0.00492535
2458897.6175874784 0.99698701 0.00492535
2458897.6176942019 1.00002450 0.00492535
2458897.6177996942 0.99926776 0.00492535
2458897.6179047073 0.99782725 0.00492535
2458897.6180094252 0.99480190 0.00492535
2458897.6181141487 1.00248176 0.00492535
2458897.6182188434 0.99140412 0.00492535
2458897.6183236511 0.99664895 0.00492535
2458897.6184288561 0.99636953 0.00492535
2458897.6185336439 0.99900435 0.00492535
2458897.6186382328 0.99745213 0.00492535
2458897.6187432720 1.00112429 0.00492535
2458897.6188480435 0.99886194 0.00492535
2458897.6189524396 0.99327161 0.00492535
2458897.6190571659 0.99690877 0.00492535
2458897.6191619323 1.00105165 0.00492535
2458897.6192666981 0.99316476 0.00492535
2458897.6193714016 0.99637083 0.00492535
2458897.6194760688 0.99614161 0.00492535
2458897.6195812076 0.99781941 0.00492535
2458897.6196858264 0.99774028 0.00492535
2458897.6197904623 0.99400210 0.00492535
2458897.6198951453 0.99815592 0.00492535
2458897.6199998343 0.99484616 0.00492535
2458897.6201047068 0.99892874 0.00492535
2458897.6202092245 0.99542453 0.00492535
2458897.6203138754 0.99813030 0.00492535
2458897.6204190115 0.99978246 0.00492535
2458897.6205233615 0.99758954 0.00492535
2458897.6206280515 0.99388630 0.00492535
2458897.6207331852 1.00050725 0.00492535
2458897.6208382328 0.99933314 0.00492535
2458897.6209427845 0.99608521 0.00492535
2458897.6210481422 0.99761699 0.00492535
2458897.6211532168 0.99606335 0.00492535
2458897.6212582765 0.99958144 0.00492535
2458897.6213629195 0.99727354 0.00492535
2458897.6214677175 0.99755383 0.00492535
2458897.6215724670 0.99730472 0.00492535
2458897.6216771812 0.99680355 0.00492535
2458897.6217818595 0.99599069 0.00492535
2458897.6218866487 0.99540953 0.00492535
2458897.6219913918 0.99607832 0.00492535
2458897.6220962522 1.00091312 0.00492535
2458897.6222010804 0.99589521 0.00492535
2458897.6223058747 0.99245690 0.00492535
2458897.6224108362 1.00102199 0.00492535
2458897.6225157236 0.99846127 0.00492535
2458897.6226210902 0.99629473 0.00492535
2458897.6227258970 0.99614720 0.00492535
2458897.6228307867 0.99854316 0.00492535
2458897.6229355466 1.00054837 0.00492535
2458897.6230401280 0.99937256 0.00492535
2458897.6231448171 0.99371839 0.00492535
2458897.6232496151 1.00335993 0.00492535
2458897.6233543633 1.00184423 0.00492535
2458897.6234591934 0.99148218 0.00492535
2458897.6235640501 0.99711617 0.00492535
2458897.6236687456 0.99296804 0.00492535
2458897.6237733657 0.99518492 0.00492535
2458897.6238779845 0.99770373 0.00492535
2458897.6239825576 0.99892152 0.00492535
2458897.6240871749 0.99787839 0.00492535
2458897.6241920027 0.99383095 0.00492535
2458897.6242967206 0.99304355 0.00492535
2458897.6244014399 0.99609967 0.00492535
2458897.6245061005 0.99853720 0.00492535
2458897.6246109917 0.99861485 0.00492535
2458897.6247156896 0.99392622 0.00492535
2458897.6248203637 0.99187437 0.00492535
2458897.6249250597 0.99690381 0.00492535
2458897.6250297735 0.99728604 0.00492535
2458897.6251345896 0.99926361 0.00492535
2458897.6252393397 0.99933341 0.00492535
2458897.6253440613 0.99738964 0.00492535
2458897.6254487187 0.99384019 0.00492535
2458897.6255534962 0.99797256 0.00492535
2458897.6256582974 0.99234321 0.00492535
2458897.6257630470 1.00291308 0.00492535
2458897.6258677719 1.00067258 0.00492535
2458897.6259725145 0.99844449 0.00492535
2458897.6260773460 1.00075016 0.00492535
2458897.6261821580 0.99837082 0.00492535
2458897.6262868824 0.99755644 0.00492535
2458897.6263915603 0.99401176 0.00492535
2458897.6264961455 0.99429531 0.00492535
2458897.6266008639 0.99967556 0.00492535
2458897.6267056074 0.99310270 0.00492535
2458897.6268101255 0.99748525 0.00492535
2458897.6269148439 0.99751133 0.00492535
2458897.6270193900 0.99897590 0.00492535
2458897.6271240790 0.99532180 0.00492535
2458897.6272286549 0.99733506 0.00492535
2458897.6273334320 0.99848451 0.00492535
2458897.6274383822 0.99873234 0.00492535
2458897.6275431081 1.00052719 0.00492535
2458897.6276482036 0.99636607 0.00492535
2458897.6277528242 0.99628286 0.00492535
2458897.6278576395 0.99932077 0.00492535
2458897.6279624365 0.99794845 0.00492535
2458897.6280672401 1.00129595 0.00492535
2458897.6281721285 0.99912864 0.00492535
2458897.6282768338 0.99376530 0.00492535
2458897.6283815340 0.99978292 0.00492535
2458897.6284862910 0.99823204 0.00492535
2458897.6285909931 0.99608699 0.00492535
2458897.6286958153 0.99822371 0.00492535
2458897.6288005244 0.99427839 0.00492535
2458897.6289049508 0.99488170 0.00492535
2458897.6290095923 0.99604092 0.00492535
2458897.6291142693 0.99601190 0.00492535
2458897.6292189513 0.99695622 0.00492535
2458897.6293236623 0.99363832 0.00492535
2458897.6294283741 0.99784640 0.00492535
2458897.6295325626 1.00285070 0.00492535
2458897.6296371436 0.99957125 0.00492535
2458897.6297424198 1.00051686 0.00492535
2458897.6298470325 1.00003355 0.00492535
2458897.6299515278 0.99423220 0.00492535
2458897.6300562471 0.99150994 0.00492535
2458897.6301611904 0.99262630 0.00492535
2458897.6302661700 0.99736829 0.00492535
2458897.6303708516 1.00059087 0.00492535
2458897.6304755737 0.99586607 0.00492535
2458897.6305803000 0.99335614 0.00492535
2458897.6306850729 0.99937408 0.00492535
2458897.6307901973 0.99709699 0.00492535
2458897.6308953241 0.99818363 0.00492535
2458897.6310003982 1.00024522 0.00492535
2458897.6311051501 0.99763714 0.00492535
2458897.6312099434 1.00058190 0.00492535
2458897.6313146204 1.00001986 0.00492535
2458897.6314194086 0.99357573 0.00492535
2458897.6315242047 0.99287180 0.00492535
2458897.6316289688 0.99482725 0.00492535
2458897.6317335893 0.99737210 0.00492535
2458897.6318383594 0.99951532 0.00492535
2458897.6319430936 0.99759256 0.00492535
2458897.6320477696 1.00028269 0.00492535
2458897.6321526607 0.99413387 0.00492535
2458897.6322574224 1.00136147 0.00492535
2458897.6323620710 0.99973990 0.00492535
2458897.6324667656 1.00119563 0.00492535
2458897.6325715585 0.99434790 0.00492535
2458897.6326763225 0.99448676 0.00492535
2458897.6327810697 0.99218182 0.00492535
2458897.6328856768 0.99284079 0.00492535
2458897.6329904376 0.99550982 0.00492535
2458897.6330959117 0.99214052 0.00492535
2458897.6332006045 0.99657243 0.00492535
2458897.6333053038 0.99855468 0.00492535
2458897.6334100515 0.99848382 0.00492535
2458897.6335145161 0.99216209 0.00492535
2458897.6336195478 0.99411576 0.00492535
2458897.6337243207 0.99917838 0.00492535
2458897.6338291168 0.99293352 0.00492535
2458897.6339339595 0.99298007 0.00492535
2458897.6340387175 0.99303440 0.00492535
2458897.6341434447 0.99171400 0.00492535
2458897.6342479796 0.99347901 0.00492535
2458897.6343527278 0.99774890 0.00492535
2458897.6344574695 1.00097710 0.00492535
2458897.6345624602 0.99700284 0.00492535
2458897.6346672685 0.99595163 0.00492535
2458897.6347724064 0.99407977 0.00492535
2458897.6348772203 0.99891138 0.00492535
2458897.6349819284 1.00154320 0.00492535
2458897.6350867478 1.00370716 0.00492535
2458897.6351918778 0.99672180 0.00492535
2458897.6352965618 1.00010863 0.00492535
2458897.6354012629 1.00320452 0.00492535
2458897.6355060814 0.99678300 0.00492535
2458897.6356106480 0.99412053 0.00492535
2458897.6357151484 0.99411196 0.00492535
2458897.6358199329 0.99227452 0.00492535
2458897.6359246583 0.99172772 0.00492535
2458897.6360294800 0.99743139 0.00492535
2458897.6361343144 0.99974336 0.00492535
2458897.6362391575 0.99962604 0.00492535
2458897.6363437870 0.99495203 0.00492535
2458897.6364486050 0.99369906 0.00492535
2458897.6365533471 0.99997460 0.00492535
2458897.6366580147 0.99905396 0.00492535
2458897.6367626595 1.00430714 0.00492535
2458897.6368673630 0.99794416 0.00492535
2458897.6369720874 1.00067922 0.00492535
2458897.6370768957 0.99572305 0.00492535
2458897.6371816932 0.99796593 0.00492535
2458897.6372867916 0.99400795 0.00492535
2458897.6373915584 0.99668715 0.00492535
2458897.6374963229 1.00381564 0.00492535
2458897.6376010771 1.00263282 0.00492535
2458897.6377059282 0.98981712 0.00492535
2458897.6378107979 0.99422022 0.00492535
2458897.6379153351 0.99419070 0.00492535
2458897.6380200326 0.99431117 0.00492535
2458897.6381246275 0.99394741 0.00492535
2458897.6382294218 0.99214393 0.00492535
2458897.6383341444 0.99790422 0.00492535
2458897.6384388926 0.99818441 0.00492535
2458897.6385436468 0.99155086 0.00492535
2458897.6386481831 0.99314115 0.00492535
2458897.6387527892 0.99658785 0.00492535
2458897.6388575793 0.99809328 0.00492535
2458897.6389628821 0.99863778 0.00492535
2458897.6390676759 0.99064992 0.00492535
2458897.6391724097 0.99852386 0.00492535
2458897.6392774372 0.99851677 0.00492535
2458897.6393821286 0.99102506 0.00492535
2458897.6394867864 0.99141927 0.00492535
2458897.6395915402 0.99959192 0.00492535
2458897.6396962274 0.99806275 0.00492535
2458897.6398010165 0.99728422 0.00492535
2458897.6399058090 0.99648230 0.00492535
2458897.6400106009 0.99940132 0.00492535
2458897.6401151726 0.98725014 0.00492535
2458897.6402199171 0.99443943 0.00492535
2458897.6403245190 0.99119107 0.00492535
2458897.6404292975 0.99046721 0.00492535
2458897.6405343441 0.99263210 0.00492535
2458897.6406390895 0.99466264 0.00492535
2458897.6407436254 0.97933200 0.00492535
2458897.6408483707 0.99131061 0.00492535
2458897.6409531343 0.99733679 0.00492535
2458897.6410576249 0.98768845 0.00492535
2458897.6411624239 0.98318940 0.00492535
2458897.6412671832 0.97938877 0.00492535
2458897.6413719533 0.98653305 0.00492535
2458897.6414767164 0.99136247 0.00492535
2458897.6415813765 0.99227653 0.00492535
2458897.6416861401 1.00271053 0.00492535
2458897.6417908552 0.99749660 0.00492535
2458897.6418956011 0.98992401 0.00492535
2458897.6420001760 0.99401817 0.00492535
2458897.6421047472 0.98827153 0.00492535
2458897.6422097227 0.98618728 0.00492535
2458897.6423143637 0.99545023 0.00492535
2458897.6424191310 0.99468144 0.00492535
2458897.6425243542 1.01183046 0.00492535
2458897.6426290232 1.00817761 0.00492535
2458897.6427338598 1.01446681 0.00492535
2458897.6428387351 1.01089792 0.00492535
2458897.6429435052 1.02400550 0.00492535
2458897.6430483074 1.01492708 0.00492535
2458897.6431529862 1.01011173 0.00492535
2458897.6432576953 1.01012060 0.00492535
2458897.6433627070 1.01035294 0.00492535
2458897.6434671157 1.00692252 0.00492535
2458897.6435719561 0.99986118 0.00492535
2458897.6436767629 0.99569256 0.00492535
2458897.6437815186 0.99862117 0.00492535
2458897.6438862495 1.00048019 0.00492535
2458897.6439910200 1.00188297 0.00492535
2458897.6440958478 1.00461331 0.00492535
2458897.6442006594 1.00283549 0.00492535
2458897.6443054387 0.99894079 0.00492535
2458897.6444102810 0.99567585 0.00492535
2458897.6445151451 0.99310742 0.00492535
2458897.6446198230 0.99555590 0.00492535
2458897.6447245595 1.00453731 0.00492535
2458897.6448291233 1.00192836 0.00492535
2458897.6449338445 0.99894908 0.00492535
2458897.6450385940 0.99673939 0.00492535
2458897.6451433953 0.99695941 0.00492535
2458897.6452481328 1.00087373 0.00492535
2458897.6453528409 0.99919425 0.00492535
2458897.6454576026 0.99763802 0.00492535
2458897.6455625426 0.99113915 0.00492535
2458897.6456672759 0.99830961 0.00492535
2458897.6457718173 0.99346367 0.00492535
2458897.6458766172 0.99937291 0.00492535
2458897.6459813481 1.00327448 0.00492535
2458897.6460860851 0.99525013 0.00492535
2458897.6461908924 1.00381635 0.00492535
2458897.6462954441 1.00126681 0.00492535
2458897.6464004200 0.99806284 0.00492535
2458897.6465054480 0.99801418 0.00492535
2458897.6466103322 0.99903415 0.00492535
2458897.6467151735 0.99931476 0.00492535
2458897.6468193713 0.99775952 0.00492535
2458897.6469240957 0.99851078 0.00492535
2458897.6470288727 1.00211571 0.00492535
2458897.6471335236 0.99573868 0.00492535
2458897.6472384138 1.00503308 0.00492535
2458897.6473430996 0.99643497 0.00492535
2458897.6474478734 0.99448930 0.00492535
2458897.6475526104 1.00167843 0.00492535
2458897.6476569963 0.99475864 0.00492535
2458897.6477616499 0.99397735 0.00492535
2458897.6478663953 0.98922222 0.00492535
2458897.6479709721 0.99582955 0.00492535
2458897.6480756756 0.99082380 0.00492535
2458897.6481803027 0.99646879 0.00492535
2458897.6482851384 0.99966923 0.00492535
2458897.6483900249 0.99627295 0.00492535
2458897.6484946418 1.00349106 0.00492535
2458897.6485996852 1.00185933 0.00492535
2458897.6487044604 1.00552310 0.00492535
2458897.6488096486 1.01677184 0.00492535
2458897.6489144848 1.00768936 0.00492535
2458897.6490198709 0.99434423 0.00492535
2458897.6491246182 0.99824556 0.00492535
2458897.6492293580 1.00002220 0.00492535
2458897.6493341979 0.99949276 0.00492535
2458897.6494389614 0.99992758 0.00492535
2458897.6495437990 0.99601216 0.00492535
2458897.6496485262 0.99442603 0.00492535
2458897.6497533098 0.99857855 0.00492535
2458897.6498580924 0.99793792 0.00492535
2458897.6499629999 0.99751196 0.00492535
2458897.6500677085 1.00189895 0.00492535
2458897.6501725139 0.99475118 0.00492535
2458897.6502772127 1.00024743 0.00492535
2458897.6503819120 1.00253604 0.00492535
2458897.6504870402 0.99077249 0.00492535
2458897.6505918517 1.00143090 0.00492535
2458897.6506966352 1.00070309 0.00492535
2458897.6508013443 1.00515196 0.00492535
2458897.6509061339 1.00163919 0.00492535
2458897.6510108756 0.98957156 0.00492535
2458897.6511155088 0.99570746 0.00492535
2458897.6512202118 1.00283278 0.00492535
2458897.6513250638 1.00176733 0.00492535
2458897.6514296881 1.00739464 0.00492535
2458897.6515344912 1.00169366 0.00492535
2458897.6516392957 1.00189310 0.00492535
2458897.6517440449 0.99635834 0.00492535
2458897.6518488349 0.99726320 0.00492535
2458897.6519535813 1.00033872 0.00492535
2458897.6520585916 0.99933903 0.00492535
2458897.6521631563 1.00124040 0.00492535
2458897.6522679180 1.00324750 0.00492535
2458897.6523725423 1.00830406 0.00492535
2458897.6524773259 0.99416877 0.00492535
2458897.6525820699 0.99819505 0.00492535
2458897.6526867440 0.99662149 0.00492535
2458897.6527914191 0.99376193 0.00492535
2458897.6528979489 1.00002987 0.00492535
2458897.6530027958 1.00009483 0.00492535
2458897.6531076753 0.99475220 0.00492535
2458897.6532124793 0.99999635 0.00492535
2458897.6533177355 1.00803551 0.00492535
2458897.6534224893 0.99616203 0.00492535
2458897.6535274950 1.00134908 0.00492535
2458897.6536322511 0.99748626 0.00492535
2458897.6537370719 1.00231940 0.00492535
2458897.6538418382 0.99417643 0.00492535
2458897.6539465864 1.00001591 0.00492535
2458897.6540513365 0.99491121 0.00492535
2458897.6541562229 0.99987758 0.00492535
2458897.6542611122 1.00009095 0.00492535
2458897.6543659037 0.99964852 0.00492535
2458897.6544702412 0.99905005 0.00492535
2458897.6545753470 0.99804141 0.00492535
2458897.6546800071 0.99428477 0.00492535
2458897.6547847437 1.00093101 0.00492535
2458897.6548894574 0.99398052 0.00492535
2458897.6549942996 0.99699999 0.00492535
2458897.6550991670 0.99474439 0.00492535
2458897.6552040530 0.99954852 0.00492535
2458897.6553087914 0.99447118 0.00492535
2458897.6554143946 0.99949490 0.00492535
2458897.6555191223 0.99944811 0.00492535
2458897.6556238453 1.00366918 0.00492535
2458897.6557285185 0.99738265 0.00492535
2458897.6558330813 0.99297673 0.00492535
2458897.6559378402 0.99850956 0.00492535
2458897.6560425526 1.00032200 0.00492535
2458897.6561473175 0.99820155 0.00492535
2458897.6562520275 1.00040211 0.00492535
2458897.6563567598 1.00243539 0.00492535
2458897.6564615136 1.00075569 0.00492535
2458897.6565657752 1.00185422 0.00492535
2458897.6566705829 0.99299750 0.00492535
2458897.6567752804 1.00107363 0.00492535
2458897.6568800970 0.99377344 0.00492535
2458897.6569848405 0.99967070 0.00492535
2458897.6570895957 0.99743485 0.00492535
2458897.6571944286 0.99769881 0.00492535
2458897.6572996303 0.99954337 0.00492535
2458897.6574043571 1.00195497 0.00492535
2458897.6575096711 0.99705597 0.00492535
2458897.6576143419 0.99651014 0.00492535
2458897.6577190976 0.99735738 0.00492535
2458897.6578238327 0.99488208 0.00492535
2458897.6579284291 0.99421906 0.00492535
2458897.6580331009 0.99416930 0.00492535
2458897.6581379101 1.00258525 0.00492535
2458897.6582432343 1.00098727 0.00492535
2458897.6583476770 0.99345934 0.00492535
2458897.6584525076 1.00380705 0.00492535
2458897.6585569815 1.00269680 0.00492535
2458897.6586618018 0.99982880 0.00492535
2458897.6587666180 0.99553961 0.00492535
2458897.6588714235 1.00470679 0.00492535
2458897.6589761693 1.00030770 0.00492535
2458897.6590807387 1.00188218 0.00492535
2458897.6591853844 0.99462899 0.00492535
2458897.6592901908 1.00636893 0.00492535
2458897.6593947476 1.00640440 0.00492535
2458897.6594994166 0.99580451 0.00492535
2458897.6596046416 0.99787813 0.00492535
2458897.6597093651 0.99859524 0.00492535
2458897.6598139293 1.00145942 0.00492535
2458897.6599192554 1.00614865 0.00492535
2458897.6600238341 1.00166509 0.00492535
2458897.6601286032 0.99995595 0.00492535
2458897.6602332043 1.01774251 0.00492535
2458897.6603379771 1.01322390 0.00492535
2458897.6604427407 1.00038394 0.00492535
2458897.6605475200 0.97992165 0.00492535
2458897.6606523050 0.99899781 0.00492535
2458897.6607570429 1.00074025 0.00492535
2458897.6608617683 1.01769452 0.00492535
2458897.6609665421 1.02448797 0.00492535
2458897.6610712372 1.01527162 0.00492535
2458897.6611760766 1.00890943 0.00492535
2458897.6612808034 1.00028566 0.00492535
2458897.6613855171 1.00065956 0.00492535
2458897.6614902020 1.00011215 0.00492535
2458897.6615951005 1.00686735 0.00492535
2458897.6616998115 1.01394255 0.00492535
2458897.6618046099 1.01223091 0.00492535
2458897.6619094028 0.99389165 0.00492535
2458897.6620141519 0.98338433 0.00492535
2458897.6621188908 1.00721445 0.00492535
2458897.6622233293 0.99730417 0.00492535
2458897.6623280630 1.00718358 0.00492535
2458897.6624328350 0.99858756 0.00492535
2458897.6625375710 1.01092935 0.00492535
2458897.6626423183 0.99888201 0.00492535
2458897.6627471261 0.99935841 0.00492535
2458897.6628519804 1.00417205 0.00492535
2458897.6629561605 1.00881598 0.00492535
2458897.6630608477 0.98925022 0.00492535
2458897.6631654431 0.97169705 0.00492535
2458897.6632701973 0.99145355 0.00492535
2458897.6633749614 1.00251501 0.00492535
2458897.6634797752 1.01552942 0.00492535
2458897.6635845616 0.98921592 0.00492535
2458897.6636890513 1.01022226 0.00492535
2458897.6637941091 1.00010113 0.00492535
2458897.6638990575 0.99097909 0.00492535
2458897.6640039207 1.00948479 0.00492535
2458897.6641085367 1.00292987 0.00492535
2458897.6642129757 1.01349810 0.00492535
2458897.6643180475 1.01954302 0.00492535
2458897.6644229623 1.02109428 0.00492535
2458897.6645277655 1.03219352 0.00492535
2458897.6646325849 1.01122743 0.00492535
2458897.6647373363 1.03656856 0.00492535
2458897.6648421818 1.01789081 0.00492535
2458897.6649470110 0.99744368 0.00492535
2458897.6650515972 1.00725568 0.00492535
2458897.6651566685 1.01111202 0.00492535
2458897.6652616248 1.01041451 0.00492535
2458897.6653663777 1.00507747 0.00492535
2458897.6654711491 1.00492401 0.00492535
2458897.6655759714 1.00496710 0.00492535
2458897.6656806157 1.01159535 0.00492535
2458897.6657854468 0.99642394 0.00492535
2458897.6658899696 1.00426924 0.00492535
2458897.6659947415 1.00295028 0.00492535
2458897.6660993979 0.99527078 0.00492535
2458897.6662045834 0.99897238 0.00492535
2458897.6663094549 1.01399851 0.00492535
2458897.6664138539 0.99564130 0.00492535
2458897.6665186435 0.98345909 0.00492535
2458897.6666231886 0.99502082 0.00492535
2458897.6667278241 0.99319086 0.00492535
2458897.6668326329 0.99826031 0.00492535
2458897.6669374793 1.00540930 0.00492535
2458897.6670424277 1.00871724 0.00492535
2458897.6671471009 0.99712243 0.00492535
2458897.6672518840 0.99754668 0.00492535
2458897.6673566513 0.99813414 0.00492535
2458897.6674614269 0.98301692 0.00492535
2458897.6675662179 0.99936751 0.00492535
2458897.6676708390 0.99268858 0.00492535
2458897.6677753986 0.99705172 0.00492535
2458897.6678805058 1.00246521 0.00492535
2458897.6679852442 0.99672509 0.00492535
2458897.6680900510 1.00603988 0.00492535
2458897.6681948197 1.00908570 0.00492535
2458897.6682996387 1.00911790 0.00492535
2458897.6684044809 0.99725363 0.00492535
2458897.6685089320 0.99728435 0.00492535
2458897.6686137933 1.00094825 0.00492535
2458897.6687185098 0.99685458 0.00492535
2458897.6688233307 0.99379414 0.00492535
2458897.6689281352 1.00025441 0.00492535
2458897.6690329611 1.00297583 0.00492535
2458897.6691376790 0.99918410 0.00492535
2458897.6692423127 0.99767535 0.00492535
2458897.6693470865 1.00151331 0.00492535
2458897.6694518719 0.99817874 0.00492535
2458897.6695566829 0.99827567 0.00492535
2458897.6696614744 0.99589000 0.00492535
2458897.6697663167 0.99612839 0.00492535
2458897.6698711761 1.00236802 0.00492535
2458897.6699760407 0.99722636 0.00492535
2458897.6700807861 1.00143111 0.00492535
2458897.6701855799 1.00112572 0.00492535
2458897.6702904236 0.99855505 0.00492535
2458897.6703953436 0.99727670 0.00492535
2458897.6704999902 0.99635165 0.00492535
2458897.6706047310 0.99841608 0.00492535
2458897.6707100677 0.99706974 0.00492535
2458897.6708156029 1.00153885 0.00492535
2458897.6709203226 1.00492492 0.00492535
2458897.6710252073 0.99917772 0.00492535
2458897.6711299913 1.00248797 0.00492535
2458897.6712346636 1.00720121 0.00492535
2458897.6713394774 0.99656855 0.00492535
2458897.6714442130 0.99966363 0.00492535
2458897.6715489677 0.99742962 0.00492535
2458897.6716537131 0.99944167 0.00492535
2458897.6717582536 0.99978268 0.00492535
2458897.6718630381 0.99882099 0.00492535
2458897.6719678678 0.99380272 0.00492535
2458897.6720726807 1.00244190 0.00492535
2458897.6721775825 1.00238276 0.00492535
2458897.6722823307 0.99765211 0.00492535
2458897.6723871371 0.99840802 0.00492535
2458897.6724918028 0.99039815 0.00492535
2458897.6725965501 0.99910544 0.00492535
2458897.6727013132 0.99739704 0.00492535
2458897.6728061633 1.00048705 0.00492535
2458897.6729108240 1.00110972 0.00492535
2458897.6730156140 0.99770108 0.00492535
2458897.6731203669 0.99790551 0.00492535
2458897.6732247523 0.99986415 0.00492535
2458897.6733292891 0.99411915 0.00492535
2458897.6734339930 0.99363851 0.00492535
2458897.6735387356 0.99903178 0.00492535
2458897.6736434163 0.99715828 0.00492535
2458897.6737482795 0.99686928 0.00492535
2458897.6738526551 0.99862954 0.00492535
2458897.6739573367 1.00087936 0.00492535
2458897.6740620583 0.99503909 0.00492535
2458897.6741667958 0.99936214 0.00492535
2458897.6742716157 1.00186715 0.00492535
2458897.6743763187 1.00429097 0.00492535
2458897.6744809058 0.99026557 0.00492535
2458897.6745859073 1.00358538 0.00492535
2458897.6746906885 0.99985016 0.00492535
2458897.6747954623 0.99617095 0.00492535
2458897.6749002347 1.00288962 0.00492535
2458897.6750055221 1.00097283 0.00492535
2458897.6751101967 0.99643386 0.00492535
2458897.6752145910 0.99447036 0.00492535
2458897.6753191529 0.99487753 0.00492535
2458897.6754238089 0.99531428 0.00492535
2458897.6755285095 0.98787566 0.00492535
2458897.6756333122 0.99396309 0.00492535
2458897.6757383761 0.99136301 0.00492535
2458897.6758430912 0.99265134 0.00492535
2458897.6759480862 0.99155555 0.00492535
2458897.6760529052 1.00678807 0.00492535
2458897.6761576580 0.99986919 0.00492535
2458897.6762624355 1.00210863 0.00492535
2458897.6763675059 1.00073986 0.00492535
2458897.6764722923 1.00270913 0.00492535
2458897.6765770372 0.99722562 0.00492535
2458897.6766818780 1.00018126 0.00492535
2458897.6767865331 0.99881738 0.00492535
2458897.6768912254 1.00260106 0.00492535
2458897.6769959643 0.99870000 0.00492535
2458897.6771008004 0.99540493 0.00492535
2458897.6772055915 1.00360805 0.00492535
2458897.6773101268 0.99791747 0.00492535
2458897.6774149099 0.98939823 0.00492535
2458897.6775195962 0.99413942 0.00492535
2458897.6776244757 0.99876522 0.00492535
2458897.6777291736 0.99416596 0.00492535
2458897.6778341234 0.99830836 0.00492535
2458897.6779388823 0.98849737 0.00492535
2458897.6780434637 1.00226176 0.00492535
2458897.6781482156 0.99919395 0.00492535
2458897.6782534122 0.99829259 0.00492535
2458897.6783581525 0.99887702 0.00492535
2458897.6784630083 0.98696700 0.00492535
2458897.6785680135 0.98681358 0.00492535
2458897.6786728268 0.99960482 0.00492535
2458897.6787776002 0.99144818 0.00492535
2458897.6788825439 0.99200822 0.00492535
2458897.6789873387 0.99426349 0.00492535
2458897.6790922056 1.00304746 0.00492535
2458897.6791970455 0.99608799 0.00492535
2458897.6793018621 0.99802499 0.00492535
2458897.6794066397 0.99608862 0.00492535
2458897.6795114111 0.99781162 0.00492535
2458897.6796162440 0.99694796 0.00492535
2458897.6797209918 0.99972605 0.00492535
2458897.6798256445 0.99528148 0.00492535
2458897.6799302986 1.00672620 0.00492535
2458897.6800350877 1.00636874 0.00492535
2458897.6801398993 1.00300473 0.00492535
2458897.6802446917 0.98921990 0.00492535
2458897.6803494552 1.00691159 0.00492535
2458897.6804542923 0.99875329 0.00492535
2458897.6805591057 0.99998883 0.00492535
2458897.6806638082 1.00268174 0.00492535
2458897.6807686500 0.99983109 0.00492535
2458897.6808735286 1.00571027 0.00492535
2458897.6809781627 1.00480266 0.00492535
2458897.6810829230 1.00011490 0.00492535
2458897.6811878402 0.99991214 0.00492535
2458897.6812927877 0.99816353 0.00492535
2458897.6813983140 0.99863013 0.00492535
2458897.6815030160 0.99579168 0.00492535
2458897.6816077125 0.99662797 0.00492535
2458897.6817125129 1.00129183 0.00492535
2458897.6818173584 1.00318264 0.00492535
2458897.6819219892 1.00823035 0.00492535
2458897.6820274959 1.00558575 0.00492535
2458897.6821321989 1.00262294 0.00492535
2458897.6822370728 1.00270619 0.00492535
2458897.6823418252 1.00260443 0.00492535
2458897.6824466647 0.99702658 0.00492535
2458897.6825513816 0.99223766 0.00492535
2458897.6826560497 0.99051042 0.00492535
2458897.6827605814 0.99976755 0.00492535
2458897.6828653021 0.99601947 0.00492535
2458897.6829699725 1.01316357 0.00492535
2458897.6830745339 1.01353824 0.00492535
2458897.6831792435 0.99328058 0.00492535
2458897.6832841425 1.00630113 0.00492535
2458897.6833890062 1.01113656 0.00492535
2458897.6834939327 1.01011925 0.00492535
2458897.6835987009 0.98300094 0.00492535
2458897.6837033886 0.99718768 0.00492535
2458897.6838082005 0.99891747 0.00492535
2458897.6839128169 1.00641950 0.00492535
2458897.6840183111 1.00872402 0.00492535
2458897.6841230262 0.99789607 0.00492535
2458897.6842278736 0.99396883 0.00492535
2458897.6843325230 1.00529374 0.00492535
2458897.6844392014 0.99609141 0.00492535
2458897.6845439640 0.99556274 0.00492535
2458897.6846487150 0.98675727 0.00492535
2458897.6847537565 0.99722663 0.00492535
2458897.6848585200 0.98583807 0.00492535
2458897.6849632412 0.98867042 0.00492535
2458897.6850679615 0.99989214 0.00492535
2458897.6851726165 1.01573247 0.00492535
2458897.6852771132 0.99908650 0.00492535
2458897.6853819340 0.99659586 0.00492535
2458897.6854866720 0.97738420 0.00492535
2458897.6855918528 0.98491722 0.00492535
2458897.6856966903 0.99989708 0.00492535
2458897.6858010497 1.01658476 0.00492535
2458897.6859058943 0.97859720 0.00492535
2458897.6860106899 0.99452657 0.00492535
2458897.6861155410 1.00046876 0.00492535
2458897.6862203269 1.00521470 0.00492535
2458897.6863247612 0.98255316 0.00492535
2458897.6864295322 1.02032862 0.00492535
2458897.6865343377 1.01261956 0.00492535
2458897.6866388298 0.97992562 0.00492535
2458897.6867439384 1.02850733 0.00492535
2458897.6868487522 1.00709197 0.00492535
2458897.6869535949 1.00866242 0.00492535
2458897.6870584469 1.04644323 0.00492535
2458897.6871629129 1.01295500 0.00492535
2458897.6872676951 1.00128041 0.00492535
2458897.6873724852 1.00573954 0.00492535
2458897.6874773144 1.00879452 0.00492535
2458897.6875819261 0.99227457 0.00492535
2458897.6876866813 0.99932370 0.00492535
2458897.6877914621 1.01072319 0.00492535
2458897.6878960361 0.99337115 0.00492535
2458897.6880005538 1.00450102 0.00492535
2458897.6881053313 0.98938108 0.00492535
2458897.6882100920 0.98994840 0.00492535
2458897.6883147447 0.98865504 0.00492535
2458897.6884196606 0.99110576 0.00492535
2458897.6885242946 0.99473589 0.00492535
2458897.6886290116 1.00672879 0.00492535
2458897.6887336881 0.98880471 0.00492535
2458897.6888382933 1.00291120 0.00492535
2458897.6889429288 1.00377772 0.00492535
2458897.6890478507 0.99476204 0.00492535
2458897.6891527390 0.99653852 0.00492535
2458897.6892576679 0.97803468 0.00492535
2458897.6893624607 0.98709582 0.00492535
2458897.6894683400 1.00698947 0.00492535
2458897.6895730244 1.00694083 0.00492535
2458897.6896784105 0.99038408 0.00492535
2458897.6897832071 1.00087316 0.00492535
2458897.6898879698 0.98286259 0.00492535
2458897.6899926048 1.00932480 0.00492535
2458897.6900974615 0.98589697 0.00492535
2458897.6902022483 1.00765708 0.00492535
2458897.6903069820 1.00993060 0.00492535
2458897.6904119090 0.99924590 0.00492535
2458897.6905166381 0.99707340 0.00492535
2458897.6906214124 0.99873943 0.00492535
2458897.6907259007 0.99936312 0.00492535
2458897.6908306917 1.00329599 0.00492535
2458897.6909356364 0.99519125 0.00492535
2458897.6910406114 0.99229630 0.00492535
2458897.6911454005 1.00568775 0.00492535
2458897.6912501720 0.99766950 0.00492535
2458897.6913550580 0.99769377 0.00492535
2458897.6914598485 0.98868251 0.00492535
2458897.6915647564 0.99827412 0.00492535
2458897.6916695996 0.99914947 0.00492535
2458897.6917744018 1.00020457 0.00492535
2458897.6918792268 0.98166774 0.00492535
2458897.6919837878 0.99181029 0.00492535
2458897.6920884983 0.98507302 0.00492535
2458897.6921934853 0.98055407 0.00492535
2458897.6922988812 0.98436516 0.00492535
2458897.6924036881 1.00037248 0.00492535
2458897.6925085168 0.99281105 0.00492535
2458897.6926133418 1.02013371 0.00492535
2458897.6927181585 0.99932294 0.00492535
2458897.6928229914 0.98729825 0.00492535
2458897.6929277619 0.99519979 0.00492535
2458897.6930325334 1.01177072 0.00492535
2458897.6931373221 1.02884843 0.00492535
2458897.6932421695 0.99315980 0.00492535
2458897.6933469060 1.00151804 0.00492535
2458897.6934514772 1.00515116 0.00492535
2458897.6935561751 1.00142231 0.00492535
2458897.6936606835 1.00024764 0.00492535
2458897.6937653399 1.00341374 0.00492535
2458897.6938701337 0.98501972 0.00492535
2458897.6939749778 1.01323264 0.00492535
2458897.6940798047 1.00408951 0.00492535
2458897.6941846372 1.01026576 0.00492535
2458897.6942893877 1.00302062 0.00492535
2458897.6943942592 0.99727249 0.00492535
2458897.6944991555 1.01467234 0.00492535
2458897.6946040695 1.00538272 0.00492535
2458897.6947089136 1.00442645 0.00492535
2458897.6948137484 1.00502914 0.00492535
2458897.6949186544 1.01894876 0.00492535
2458897.6950234952 1.01749405 0.00492535
2458897.6951281540 1.01494297 0.00492535
2458897.6952328696 1.00867440 0.00492535
2458897.6953376126 1.00628222 0.00492535
2458897.6954423035 1.01124740 0.00492535
2458897.6955470452 1.00746272 0.00492535
2458897.6956519671 1.00384955 0.00492535
2458897.6957565928 0.99537413 0.00492535
2458897.6958614434 0.99852003 0.00492535
2458897.6959662484 0.98974403 0.00492535
2458897.6960710636 0.98786497 0.00492535
2458897.6961757801 1.00627401 0.00492535
2458897.6962805670 1.00320455 0.00492535
2458897.6963852672 1.00324866 0.00492535
2458897.6964900554 1.00651703 0.00492535
2458897.6965948520 1.00406517 0.00492535
2458897.6966995965 1.00981502 0.00492535
2458897.6968043963 0.99360048 0.00492535
2458897.6969092549 1.00889403 0.00492535
2458897.6970141223 0.99569677 0.00492535
2458897.6971188271 0.98859716 0.00492535
2458897.6972235572 1.00648502 0.00492535
2458897.6973283100 1.00712245 0.00492535
2458897.6974330950 1.00292586 0.00492535
2458897.6975379395 1.00286325 0.00492535
2458897.6976427948 1.00006235 0.00492535
2458897.6977475458 0.99967574 0.00492535
2458897.6978523717 0.99723901 0.00492535
2458897.6979571651 0.99606267 0.00492535
2458897.6980618904 1.00042372 0.00492535
2458897.6981668412 0.99334672 0.00492535
2458897.6982715689 1.00649573 0.00492535
2458897.6983763799 1.00571596 0.00492535
2458897.6984810308 1.00168324 0.00492535
2458897.6985858949 0.99883882 0.00492535
2458897.6986910095 1.00581240 0.00492535
2458897.6987958220 0.99893324 0.00492535
2458897.6989006368 0.99443046 0.00492535
2458897.6990051381 0.99864260 0.00492535
2458897.6991098337 1.00027090 0.00492535
2458897.6992146214 1.00103749 0.00492535
2458897.6993194320 1.00041280 0.00492535
2458897.6994242566 1.00086591 0.00492535
2458897.6995290695 0.99711438 0.00492535
2458897.6996337418 0.99605760 0.00492535
2458897.6997385984 1.00035039 0.00492535
2458897.6998433545 0.99713940 0.00492535
2458897.6999481195 0.99432625 0.00492535
2458897.7000529794 1.00068405 0.00492535
2458897.7001577048 0.99957857 0.00492535
2458897.7002623840 1.00073997 0.00492535
2458897.7003671494 0.99881635 0.00492535
2458897.7004719516 0.99998395 0.00492535
2458897.7005766951 0.99999793 0.00492535
2458897.7006814103 1.00018543 0.00492535
2458897.7007859959 0.99628017 0.00492535
2458897.7008909769 1.00104387 0.00492535
2458897.7009956324 1.00141071 0.00492535
2458897.7011003741 1.00917370 0.00492535
2458897.7012050529 1.00076220 0.00492535
2458897.7013100116 0.99919957 0.00492535
2458897.7014146997 1.00131154 0.00492535
2458897.7015194031 1.00067008 0.00492535
2458897.7016241644 0.99791913 0.00492535
2458897.7017289810 1.00292240 0.00492535
2458897.7018337608 1.00452993 0.00492535
2458897.7019386422 1.00101127 0.00492535
2458897.7020435673 0.99851664 0.00492535
2458897.7021484599 1.00212889 0.00492535
2458897.7022531605 0.99963335 0.00492535
2458897.7023580116 0.99810528 0.00492535
2458897.7024626867 1.00006723 0.00492535
2458897.7025674917 0.99931371 0.00492535
2458897.7026722208 0.99557761 0.00492535
2458897.7027773894 0.99762318 0.00492535
2458897.7028821134 1.00109803 0.00492535
2458897.7029868644 0.99756559 0.00492535
2458897.7030916079 1.00495145 0.00492535
2458897.7031962872 0.99911293 0.00492535
2458897.7033011974 1.00211120 0.00492535
2458897.7034060089 1.00208725 0.00492535
2458897.7035107990 1.00231574 0.00492535
2458897.7036155821 1.00007451 0.00492535
2458897.7037203694 0.99938935 0.00492535
2458897.7038252805 0.99970704 0.00492535
2458897.7039304902 1.00453825 0.00492535
2458897.7040352728 0.99950175 0.00492535
2458897.7041399055 1.00704350 0.00492535
2458897.7042446421 1.00212126 0.00492535
2458897.7043495644 0.99724770 0.00492535
2458897.7044543996 1.00141410 0.00492535
2458897.7045591618 1.00099111 0.00492535
2458897.7046639998 1.00307598 0.00492535
2458897.7047688081 1.00205546 0.00492535
2458897.7048736056 1.00001453 0.00492535
2458897.7049783277 1.00944267 0.00492535
2458897.7050830070 0.99956501 0.00492535
2458897.7051875922 0.99914777 0.00492535
2458897.7052924894 1.00348123 0.00492535
2458897.7053973381 1.00175423 0.00492535
2458897.7055022027 0.99562076 0.00492535
2458897.7056069435 0.99745564 0.00492535
2458897.7057116944 0.99912126 0.00492535
2458897.7058166815 0.99947638 0.00492535
2458897.7059213337 1.00404574 0.00492535
2458897.7060261606 0.99681495 0.00492535
2458897.7061308566 0.99637618 0.00492535
2458897.7062356458 1.00021927 0.00492535
2458897.7063412890 1.00059357 0.00492535
2458897.7064460656 1.00346140 0.00492535
2458897.7065508734 0.99770249 0.00492535
2458897.7066555824 1.00534168 0.00492535
2458897.7067603581 1.00297221 0.00492535
2458897.7068652036 1.00412510 0.00492535
2458897.7069700630 0.99556099 0.00492535
2458897.7070749397 0.99684219 0.00492535
2458897.7071797703 1.00287031 0.00492535
2458897.7072845856 0.99907543 0.00492535
2458897.7073892322 0.99969889 0.00492535
2458897.7074940689 1.00332911 0.00492535
2458897.7075988762 1.00659189 0.00492535
2458897.7077034595 1.00309560 0.00492535
2458897.7078081211 1.00038957 0.00492535
2458897.7079133303 1.00129814 0.00492535
2458897.7080179173 1.00232071 0.00492535
2458897.7081220113 1.00288057 0.00492535
2458897.7082268000 1.00532363 0.00492535
2458897.7083313800 1.00434668 0.00492535
2458897.7084360579 0.99477030 0.00492535
2458897.7085408526 1.00273156 0.00492535
2458897.7086455040 1.00272922 0.00492535
2458897.7087499062 0.99876562 0.00492535
2458897.7088548029 0.99841916 0.00492535
2458897.7089595650 1.00280410 0.00492535
2458897.7090643542 0.99641718 0.00492535
2458897.7091695694 1.00029226 0.00492535
2458897.7092747283 0.99925341 0.00492535
2458897.7093795235 1.00195530 0.00492535
2458897.7094843104 1.00186149 0.00492535
2458897.7095890716 0.99767973 0.00492535
2458897.7096940083 1.00126753 0.00492535
2458897.7097986778 1.00341255 0.00492535
2458897.7099032123 0.99980292 0.00492535
2458897.7100080880 0.99713058 0.00492535
2458897.7101128665 0.99762370 0.00492535
2458897.7102176105 1.00395557 0.00492535
2458897.7103224341 1.00324116 0.00492535
2458897.7104276549 1.00120171 0.00492535
2458897.7105323742 1.00931339 0.00492535
2458897.7106375415 1.00308509 0.00492535
2458897.7107423372 1.00195553 0.00492535
2458897.7108472586 1.00048772 0.00492535
2458897.7109520459 1.00067559 0.00492535
2458897.7110567517 1.00379326 0.00492535
2458897.7111616959 1.00271201 0.00492535
2458897.7112664720 1.00408662 0.00492535
2458897.7113712695 0.99499405 0.00492535
2458897.7114761011 0.99956067 0.00492535
2458897.7115807547 0.99832065 0.00492535
2458897.7116856026 1.00161781 0.00492535
2458897.7117902557 1.00209897 0.00492535
2458897.7118948950 1.00073679 0.00492535
2458897.7119996957 1.00092910 0.00492535
2458897.7121049785 1.00279486 0.00492535
2458897.7122098892 1.00187738 0.00492535
2458897.7123146290 0.99944272 0.00492535
2458897.7124196370 1.00029190 0.00492535
2458897.7125244448 1.00502116 0.00492535
2458897.7126296363 1.00323503 0.00492535
2458897.7127344543 1.00365774 0.00492535
2458897.7128391294 0.99883294 0.00492535
2458897.7129440717 0.99848383 0.00492535
2458897.7130488651 1.00254031 0.00492535
2458897.7131536650 1.00324638 0.00492535
2458897.7132587498 1.00503048 0.00492535
2458897.7133634961 1.00409014 0.00492535
2458897.7134684599 0.99853919 0.00492535
2458897.7135731499 1.00242026 0.00492535
2458897.7136783008 1.00117793 0.00492535
2458897.7137829228 1.00287671 0.00492535
2458897.7138877106 1.00372020 0.00492535
2458897.7139926157 0.99895679 0.00492535
2458897.7140972628 0.99825498 0.00492535
2458897.7142019402 1.00091373 0.00492535
2458897.7143066255 0.99268185 0.00492535
2458897.7144114873 0.99742437 0.00492535
2458897.7145162607 0.99512265 0.00492535
2458897.7146210535 0.99430518 0.00492535
2458897.7147258995 0.99386726 0.00492535
2458897.7148306477 0.99738464 0.00492535
2458897.7149356254 0.99975955 0.00492535
2458897.7150403187 1.00347581 0.00492535
2458897.7151451893 1.00151417 0.00492535
2458897.7152500190 0.99408339 0.00492535
2458897.7153548957 0.99568061 0.00492535
2458897.7154597687 0.98660876 0.00492535
2458897.7155646486 1.00140614 0.00492535
