2458897.5300233434 0.99334510 0.00541202
2458897.5301282438 0.98634043 0.00541202
2458897.5302330148 0.98034054 0.00541202
2458897.5303376489 0.98166304 0.00541202
2458897.5304424036 0.99432714 0.00541202
2458897.5305469404 0.98439807 0.00541202
2458897.5306516746 0.98564206 0.00541202
2458897.5307564763 0.99743390 0.00541202
2458897.5308611081 0.99041583 0.00541202
2458897.5309656244 0.98879832 0.00541202
2458897.5310701262 0.98601501 0.00541202
2458897.5311750732 0.98823528 0.00541202
2458897.5312799164 0.98607831 0.00541202
2458897.5313847372 0.99045332 0.00541202
2458897.5314891231 0.99918915 0.00541202
2458897.5315939249 0.98787327 0.00541202
2458897.5316989003 0.99832755 0.00541202
2458897.5318037053 0.98767187 0.00541202
2458897.5319084940 0.99185949 0.00541202
2458897.5320131322 0.99667416 0.00541202
2458897.5321177705 0.99674485 0.00541202
2458897.5322226039 1.02382287 0.00541202
2458897.5323270801 1.00057738 0.00541202
2458897.5324315792 1.01006620 0.00541202
2458897.5325364890 0.99990175 0.00541202
2458897.5326414164 1.00775277 0.00541202
2458897.5327463248 1.00762468 0.00541202
2458897.5328510487 0.99965431 0.00541202
2458897.5329557187 0.99368367 0.00541202
2458897.5330602438 0.99557205 0.00541202
2458897.5331648868 0.99538518 0.00541202
2458897.5332696009 1.00295831 0.00541202
2458897.5333743426 0.99284306 0.00541202
2458897.5334791094 1.00621946 0.00541202
2458897.5335838082 1.00870629 0.00541202
2458897.5336886202 1.02103692 0.00541202
2458897.5337934447 1.01221510 0.00541202
2458897.5338982753 0.99765008 0.00541202
2458897.5340028666 1.01415081 0.00541202
2458897.5341074206 1.00293504 0.00541202
2458897.5342120761 0.99425001 0.00541202
2458897.5343164708 0.99527550 0.00541202
2458897.5344212372 0.99858635 0.00541202
2458897.5345259253 0.99932540 0.00541202
2458897.5346305049 1.00365111 0.00541202
2458897.5347352033 1.00951229 0.00541202
2458897.5348398373 1.00468205 0.00541202
2458897.5349444798 1.00221507 0.00541202
2458897.5350491880 1.00646149 0.00541202
2458897.5351538602 1.00353919 0.00541202
2458897.5352584128 1.00457878 0.00541202
2458897.5353629109 0.99902290 0.00541202
2458897.5354675762 0.99765282 0.00541202
2458897.5355719640 0.99721980 0.00541202
2458897.5356765278 0.99954679 0.00541202
2458897.5357810599 0.99972265 0.00541202
2458897.5358855547 0.99926671 0.00541202
2458897.5359901655 1.01126560 0.00541202
2458897.5360947913 1.00224337 0.00541202
2458897.5361994747 1.00276578 0.00541202
2458897.5363041260 1.00573088 0.00541202
2458897.5364087354 1.01110489 0.00541202
2458897.5365132862 1.00192444 0.00541202
2458897.5366177815 0.99068665 0.00541202
2458897.5367224901 1.00217565 0.00541202
2458897.5368271731 0.98630091 0.00541202
2458897.5369318454 0.99549047 0.00541202
2458897.5370365391 0.99657075 0.00541202
2458897.5371411885 1.00064042 0.00541202
2458897.5372457863 1.00296861 0.00541202
2458897.5373504674 1.00916671 0.00541202
2458897.5374552049 1.01437649 0.00541202
2458897.5375598758 1.01209741 0.00541202
2458897.5376645983 1.00853454 0.00541202
2458897.5377691258 1.00467447 0.00541202
2458897.5378737929 0.99736326 0.00541202
2458897.5379783367 1.00120906 0.00541202
2458897.5380830183 0.99643148 0.00541202
2458897.5381872086 0.99849837 0.00541202
2458897.5382918604 0.98744050 0.00541202
2458897.5383965578 0.99887582 0.00541202
2458897.5385012021 0.99992937 0.00541202
2458897.5386057440 1.01845825 0.00541202
2458897.5387103907 1.01230997 0.00541202
2458897.5388149437 1.00829879 0.00541202
2458897.5389195522 1.00831499 0.00541202
2458897.5390242930 1.00898681 0.00541202
2458897.5391290057 0.99213964 0.00541202
2458897.5392336426 0.99077427 0.00541202
2458897.5393383484 1.01032261 0.00541202
2458897.5394430412 0.99873794 0.00541202
2458897.5395477237 1.00490109 0.00541202
2458897.5396525124 0.99866782 0.00541202
2458897.5397571572 1.00286219 0.00541202
2458897.5398618635 1.00438410 0.00541202
2458897.5399665446 1.00355386 0.00541202
2458897.5400711652 1.00290996 0.00541202
2458897.5401757350 1.00732667 0.00541202
2458897.5402802243 1.00374959 0.00541202
2458897.5403848873 1.00093992 0.00541202
2458897.5404894487 0.99085925 0.00541202
2458897.5405941275 1.00437669 0.00541202
2458897.5406987467 0.99307235 0.00541202
2458897.5408033528 1.00404832 0.00541202
2458897.5409080205 1.00125883 0.00541202
2458897.5410125796 1.00408369 0.00541202
2458897.5411172463 1.01553024 0.00541202
2458897.5412219446 1.00848257 0.00541202
2458897.5413265652 1.00773983 0.00541202
2458897.5414310726 1.01747083 0.00541202
2458897.5415357477 1.00251775 0.00541202
2458897.5416402724 0.99288255 0.00541202
2458897.5417449553 1.00593734 0.00541202
2458897.5418497152 1.00105115 0.00541202
2458897.5419542068 0.99815502 0.00541202
2458897.5420589116 1.00276063 0.00541202
2458897.5421634298 1.00352526 0.00541202
2458897.5422680043 0.99533457 0.00541202
2458897.5423727324 1.00738682 0.00541202
2458897.5424774000 0.99822055 0.00541202
2458897.5425818102 0.99831309 0.00541202
2458897.5426863744 0.99661537 0.00541202
2458897.5427910644 1.00305951 0.00541202
2458897.5428956952 0.98745870 0.00541202
2458897.5430003568 0.99008328 0.00541202
2458897.5431051417 0.99906511 0.00541202
2458897.5432097358 1.00187719 0.00541202
2458897.5433143368 0.99938030 0.00541202
2458897.5434196694 1.00552291 0.00541202
2458897.5435243421 0.99240176 0.00541202
2458897.5436291336 1.01065777 0.00541202
2458897.5437338166 0.99967727 0.00541202
2458897.5438383138 1.00332427 0.00541202
2458897.5439428743 0.99286966 0.00541202
2458897.5440473375 1.00473352 0.00541202
2458897.5441520195 0.99387301 0.00541202
2458897.5442567086 1.00099304 0.00541202
2458897.5443612644 1.00873305 0.00541202
2458897.5444659800 0.99389728 0.00541202
2458897.5445704688 1.00232067 0.00541202
2458897.5446750489 1.00817451 0.00541202
2458897.5447797342 1.00766501 0.00541202
2458897.5448841639 1.00206196 0.00541202
2458897.5449884939 0.99827121 0.00541202
2458897.5450931634 0.99419562 0.00541202
2458897.5451978203 1.00191848 0.00541202
2458897.5453023063 1.00423277 0.00541202
2458897.5454071886 1.00742086 0.00541202
2458897.5455118380 0.99728995 0.00541202
2458897.5456165699 0.99564386 0.00541202
2458897.5457210322 0.99551430 0.00541202
2458897.5458257715 1.00876957 0.00541202
2458897.5459303265 0.99969194 0.00541202
2458897.5460350425 0.98260431 0.00541202
2458897.5461396775 0.99818854 0.00541202
2458897.5462440229 1.00367560 0.00541202
2458897.5463487245 1.00427582 0.00541202
2458897.5464534215 1.00681282 0.00541202
2458897.5465576951 1.00553081 0.00541202
2458897.5466623702 0.99182968 0.00541202
2458897.5467670429 1.00069493 0.00541202
2458897.5468716603 1.00394633 0.00541202
2458897.5469763000 1.00165465 0.00541202
2458897.5470809946 0.99576692 0.00541202
2458897.5471856743 1.00937720 0.00541202
2458897.5472902325 0.99767389 0.00541202
2458897.5473948461 0.99221095 0.00541202
2458897.5474995477 0.99086032 0.00541202
2458897.5476041907 0.99239994 0.00541202
2458897.5477089188 0.99667234 0.00541202
2458897.5478136437 0.98391272 0.00541202
2458897.5479182536 0.99850894 0.00541202
2458897.5480228886 0.98207046 0.00541202
2458897.5481275455 0.99536597 0.00541202
2458897.5482322387 0.98798371 0.00541202
2458897.5483367019 0.98908955 0.00541202
2458897.5484414841 0.99499376 0.00541202
2458897.5485462332 0.99367688 0.00541202
2458897.5486510089 0.99811255 0.00541202
2458897.5487557785 0.99049744 0.00541202
2458897.5488605360 1.00477317 0.00541202
2458897.5489650164 0.98992870 0.00541202
2458897.5490696966 0.99604490 0.00541202
2458897.5491743675 0.99112907 0.00541202
2458897.5492791226 1.00288992 0.00541202
2458897.5493838144 0.99506285 0.00541202
2458897.5494885189 0.99817349 0.00541202
2458897.5495931725 0.99409662 0.00541202
2458897.5496978369 0.99958906 0.00541202
2458897.5498023639 0.99660974 0.00541202
2458897.5499070184 1.00350408 0.00541202
2458897.5500117890 1.00052020 0.00541202
2458897.5501162601 1.01007115 0.00541202
2458897.5502209254 0.99942761 0.00541202
2458897.5503254603 1.00420080 0.00541202
2458897.5504300455 0.99562942 0.00541202
2458897.5505347135 0.99549367 0.00541202
2458897.5506394589 0.99681539 0.00541202
2458897.5507441144 0.99873313 0.00541202
2458897.5508488351 1.00792362 0.00541202
2458897.5509537086 1.00225868 0.00541202
2458897.5510583096 1.00124523 0.00541202
2458897.5511630336 1.01061938 0.00541202
2458897.5512678889 1.00584149 0.00541202
2458897.5513729933 1.01078624 0.00541202
2458897.5514779934 1.00453555 0.00541202
2458897.5515826107 0.99355000 0.00541202
2458897.5516873291 0.99351055 0.00541202
2458897.5517920586 1.00056249 0.00541202
2458897.5518966150 0.99816885 0.00541202
2458897.5520013049 1.00439104 0.00541202
2458897.5521060200 0.99558126 0.00541202
2458897.5522107501 1.00949274 0.00541202
2458897.5523154126 0.99631504 0.00541202
2458897.5524200192 1.01093658 0.00541202
2458897.5525248665 0.99919992 0.00541202
2458897.5526295216 1.01330920 0.00541202
2458897.5527342907 0.99636013 0.00541202
2458897.5528390519 0.99690000 0.00541202
2458897.5529435808 0.98351426 0.00541202
2458897.5530483755 1.00315122 0.00541202
2458897.5531528727 0.99459592 0.00541202
2458897.5532575971 0.99465784 0.00541202
2458897.5533620161 0.99865213 0.00541202
2458897.5534666977 0.99885630 0.00541202
2458897.5535724945 0.99908169 0.00541202
2458897.5536772264 1.00793116 0.00541202
2458897.5537819634 0.99524078 0.00541202
2458897.5538864294 0.99816901 0.00541202
2458897.5539911930 0.99676586 0.00541202
2458897.5540963253 0.99547307 0.00541202
2458897.5542007922 0.99381264 0.00541202
2458897.5543054081 1.00840955 0.00541202
2458897.5544101424 1.00229009 0.00541202
2458897.5545148277 0.99709950 0.00541202
2458897.5546194646 1.00445455 0.00541202
2458897.5547241848 1.00233925 0.00541202
2458897.5548288175 0.99800953 0.00541202
2458897.5549335596 1.00611024 0.00541202
2458897.5550382915 0.99870846 0.00541202
2458897.5551431128 0.99806570 0.00541202
2458897.5552476775 0.99224943 0.00541202
2458897.5553524196 1.00071138 0.00541202
2458897.5554571040 1.00129924 0.00541202
2458897.5555617320 1.00327298 0.00541202
2458897.5556664718 1.00811620 0.00541202
2458897.5557711986 0.99843114 0.00541202
2458897.5558759947 1.00660705 0.00541202
2458897.5559807895 1.00403619 0.00541202
2458897.5560853630 0.99661842 0.00541202
2458897.5561901168 0.99567095 0.00541202
2458897.5562946065 0.99553962 0.00541202
2458897.5563993747 1.00055407 0.00541202
2458897.5565041471 0.99567743 0.00541202
2458897.5566089023 1.00000066 0.00541202
2458897.5567139583 1.00270577 0.00541202
2458897.5568185123 0.99712573 0.00541202
2458897.5569232823 1.00446526 0.00541202
2458897.5570279444 1.01413710 0.00541202
2458897.5571326339 0.99863016 0.00541202
2458897.5572372312 1.00910806 0.00541202
2458897.5573420357 0.99624568 0.00541202
2458897.5574467527 1.00350667 0.00541202
2458897.5575514473 1.00237405 0.00541202
2458897.5576561461 1.00379169 0.00541202
2458897.5577607406 0.99313124 0.00541202
2458897.5578654571 1.00211667 0.00541202
2458897.5579701113 1.00621151 0.00541202
2458897.5580748650 0.99629017 0.00541202
2458897.5581796365 1.00589254 0.00541202
2458897.5582842440 1.00318314 0.00541202
2458897.5583886486 1.00240767 0.00541202
2458897.5584933162 0.99491018 0.00541202
2458897.5585980341 0.99339695 0.00541202
2458897.5587025499 0.99467577 0.00541202
2458897.5588072450 0.99387083 0.00541202
2458897.5589118581 0.99444827 0.00541202
2458897.5590164084 0.99744956 0.00541202
2458897.5591210574 1.00698852 0.00541202
2458897.5592257045 0.99947070 0.00541202
2458897.5593303461 1.00490433 0.00541202
2458897.5594351022 1.00597817 0.00541202
2458897.5595397437 1.01058119 0.00541202
2458897.5596444327 1.00313370 0.00541202
2458897.5597490664 0.99989588 0.00541202
2458897.5598533945 1.00370458 0.00541202
2458897.5599581134 1.00407432 0.00541202
2458897.5600628159 1.00921403 0.00541202
2458897.5601675930 0.99869942 0.00541202
2458897.5602723374 1.00187816 0.00541202
2458897.5603769831 0.99276830 0.00541202
2458897.5604815744 1.00694305 0.00541202
2458897.5605862807 1.00109376 0.00541202
2458897.5606908146 1.00556646 0.00541202
2458897.5607955526 0.99633591 0.00541202
2458897.5609001978 0.99691123 0.00541202
2458897.5610054042 1.00299164 0.00541202
2458897.5611100839 1.00527895 0.00541202
2458897.5612148261 0.99939361 0.00541202
2458897.5613194313 1.00329609 0.00541202
2458897.5614240794 1.00026985 0.00541202
2458897.5615288424 1.00419400 0.00541202
2458897.5616338765 1.00266368 0.00541202
2458897.5617390247 1.00068342 0.00541202
2458897.5618435158 1.01087050 0.00541202
2458897.5619490915 0.98737673 0.00541202
2458897.5620538280 0.99702661 0.00541202
2458897.5621585557 0.99718368 0.00541202
2458897.5622628890 0.99869984 0.00541202
2458897.5623674658 1.00469089 0.00541202
2458897.5624720096 0.99985072 0.00541202
2458897.5625766441 1.00470690 0.00541202
2458897.5626813276 1.00265298 0.00541202
2458897.5627860753 1.00138055 0.00541202
2458897.5628907550 1.00102328 0.00541202
2458897.5629952843 1.00629396 0.00541202
2458897.5630997377 0.99990695 0.00541202
2458897.5632042992 0.99968779 0.00541202
2458897.5633088071 1.00435373 0.00541202
2458897.5634132992 0.99116660 0.00541202
2458897.5635180231 0.99309345 0.00541202
2458897.5636225557 1.00838081 0.00541202
2458897.5637272913 0.99736254 0.00541202
2458897.5638320618 1.00050396 0.00541202
2458897.5639367662 0.99716177 0.00541202
2458897.5640414562 0.99592317 0.00541202
2458897.5641461695 0.99976265 0.00541202
2458897.5642507514 1.00336039 0.00541202
2458897.5643551433 0.99519106 0.00541202
2458897.5644599735 0.99606788 0.00541202
2458897.5645646667 0.99674697 0.00541202
2458897.5646692812 0.99740533 0.00541202
2458897.5647739284 1.00067686 0.00541202
2458897.5648785699 0.99845679 0.00541202
2458897.5649833670 1.00112207 0.00541202
2458897.5650880290 1.00705297 0.00541202
2458897.5651926678 1.00017453 0.00541202
2458897.5652975272 0.99292829 0.00541202
2458897.5654022163 1.00189318 0.00541202
2458897.5655067815 0.99559806 0.00541202
2458897.5656114556 0.99642266 0.00541202
2458897.5657157674 0.99678629 0.00541202
2458897.5658204323 0.99826268 0.00541202
2458897.5659250827 0.99378341 0.00541202
2458897.5660297633 1.01229489 0.00541202
2458897.5661351304 0.99810846 0.00541202
2458897.5662398394 0.99569402 0.00541202
2458897.5663445429 0.99845667 0.00541202
2458897.5664491784 1.00478275 0.00541202
2458897.5665538060 1.00186062 0.00541202
2458897.5666585462 0.99443613 0.00541202
2458897.5667634094 0.99553365 0.00541202
2458897.5668681441 0.99519110 0.00541202
2458897.5669729048 1.00528207 0.00541202
2458897.5670773797 0.99918174 0.00541202
2458897.5671821116 0.99461099 0.00541202
2458897.5672869105 1.00272360 0.00541202
2458897.5673917113 1.00103252 0.00541202
2458897.5674964678 0.99645240 0.00541202
2458897.5676011033 1.00353466 0.00541202
2458897.5677058729 0.99441695 0.00541202
2458897.5678105718 0.99974656 0.00541202
2458897.5679152319 0.98863108 0.00541202
2458897.5680199470 0.99897980 0.00541202
2458897.5681247483 1.00287264 0.00541202
2458897.5682294751 1.00107619 0.00541202
2458897.5683340426 1.00280200 0.00541202
2458897.5684385118 1.00307767 0.00541202
2458897.5685432269 1.00013110 0.00541202
2458897.5686481171 1.00529747 0.00541202
2458897.5687526665 1.00249051 0.00541202
2458897.5688572982 0.98652058 0.00541202
2458897.5689620045 0.99134608 0.00541202
2458897.5690667029 0.99313989 0.00541202
2458897.5691710534 0.99404816 0.00541202
2458897.5692756288 0.99903052 0.00541202
2458897.5693803523 0.99822092 0.00541202
2458897.5694850534 1.00021507 0.00541202
2458897.5695895525 0.99447541 0.00541202
2458897.5696942117 0.99961115 0.00541202
2458897.5697989212 1.00795526 0.00541202
2458897.5699034925 0.99868950 0.00541202
2458897.5700082192 0.99620440 0.00541202
2458897.5701129716 0.99029923 0.00541202
2458897.5702176620 0.99796691 0.00541202
2458897.5703223632 1.00136602 0.00541202
2458897.5704271737 1.00133445 0.00541202
2458897.5705322511 1.00179000 0.00541202
2458897.5706369341 1.00279040 0.00541202
2458897.5707414681 1.00156980 0.00541202
2458897.5708461530 0.99923170 0.00541202
2458897.5709507503 1.00025722 0.00541202
2458897.5710553792 1.00071333 0.00541202
2458897.5711600869 0.99394485 0.00541202
2458897.5712647890 0.99304788 0.00541202
2458897.5713696298 0.99967006 0.00541202
2458897.5714741601 1.00131330 0.00541202
2458897.5715789306 1.00056338 0.00541202
2458897.5716835922 0.99319839 0.00541202
2458897.5717882882 1.00384881 0.00541202
2458897.5718929456 0.98980453 0.00541202
2458897.5719975699 1.00009497 0.00541202
2458897.5721021197 1.00644425 0.00541202
2458897.5722068395 1.00243769 0.00541202
2458897.5723112067 0.98755883 0.00541202
2458897.5724158450 0.99853238 0.00541202
2458897.5725205196 0.99938292 0.00541202
2458897.5726251551 0.99097185 0.00541202
2458897.5727298162 0.99271931 0.00541202
2458897.5728344456 0.99882557 0.00541202
2458897.5729391407 1.00940328 0.00541202
2458897.5730438558 1.01914041 0.00541202
2458897.5731485826 1.00097528 0.00541202
2458897.5732532665 1.00720276 0.00541202
2458897.5733578973 1.00244753 0.00541202
2458897.5734626665 0.99306605 0.00541202
2458897.5735673290 0.99772337 0.00541202
2458897.5736719319 0.99758274 0.00541202
2458897.5737764821 1.00039064 0.00541202
2458897.5738812196 1.00398085 0.00541202
2458897.5739859063 0.99750024 0.00541202
2458897.5740905772 0.99767061 0.00541202
2458897.5741952863 1.00270877 0.00541202
2458897.5742999362 0.99966841 0.00541202
2458897.5744043514 0.99662351 0.00541202
2458897.5745090535 0.99581348 0.00541202
2458897.5746136815 0.99652531 0.00541202
2458897.5747182746 0.99714024 0.00541202
2458897.5748229162 0.99472189 0.00541202
2458897.5749275954 0.99612786 0.00541202
2458897.5750322533 1.00259141 0.00541202
2458897.5751369060 1.00167402 0.00541202
2458897.5752415890 0.99610680 0.00541202
2458897.5753462547 1.00410360 0.00541202
2458897.5754509512 1.00215056 0.00541202
2458897.5755556882 1.00368017 0.00541202
2458897.5756604318 0.99242671 0.00541202
2458897.5757649564 0.99716752 0.00541202
2458897.5758700669 0.99673761 0.00541202
2458897.5759746884 0.99720621 0.00541202
2458897.5760793863 0.99032131 0.00541202
2458897.5761840008 0.99984003 0.00541202
2458897.5762887024 0.98764113 0.00541202
2458897.5763934935 1.00609494 0.00541202
2458897.5764983720 1.00016665 0.00541202
2458897.5766031039 1.00509664 0.00541202
2458897.5767078334 1.00383859 0.00541202
2458897.5768122482 0.98921139 0.00541202
2458897.5769169959 1.00139426 0.00541202
2458897.5770216440 0.99662123 0.00541202
2458897.5771263470 1.00006536 0.00541202
2458897.5772310100 0.99795818 0.00541202
2458897.5773357502 0.99592861 0.00541202
2458897.5774404774 1.00086971 0.00541202
2458897.5775451651 1.00117177 0.00541202
2458897.5776498900 1.00371648 0.00541202
2458897.5777546316 1.00757646 0.00541202
2458897.5778592946 1.00259893 0.00541202
2458897.5779641829 1.00235736 0.00541202
2458897.5780689153 1.00665045 0.00541202
2458897.5781740160 0.99796327 0.00541202
2458897.5782787534 0.99985287 0.00541202
2458897.5783838094 0.99980548 0.00541202
2458897.5784884710 0.99194682 0.00541202
2458897.5785935693 0.99904614 0.00541202
2458897.5786982724 1.00617881 0.00541202
2458897.5788029511 1.00481305 0.00541202
2458897.5789076253 1.00911908 0.00541202
2458897.5790122999 1.00168961 0.00541202
2458897.5791169829 0.99866990 0.00541202
2458897.5792216151 0.99433088 0.00541202
2458897.5793261761 0.99975187 0.00541202
2458897.5794308810 0.98804256 0.00541202
2458897.5795355970 0.99518213 0.00541202
2458897.5796401538 1.00543217 0.00541202
2458897.5797448060 1.00218782 0.00541202
2458897.5798500115 1.00150904 0.00541202
2458897.5799547117 0.99649629 0.00541202
2458897.5800592401 0.99744848 0.00541202
2458897.5801638970 0.99740157 0.00541202
2458897.5802684990 1.00606775 0.00541202
2458897.5803732122 0.99016307 0.00541202
2458897.5804779269 0.99393388 0.00541202
2458897.5805826266 0.99316684 0.00541202
2458897.5806873264 0.99718116 0.00541202
2458897.5807922911 1.00389784 0.00541202
2458897.5808970202 1.00098632 0.00541202
2458897.5810020515 0.99776086 0.00541202
2458897.5811068406 1.00585683 0.00541202
2458897.5812115935 1.00016396 0.00541202
2458897.5813163631 1.00089152 0.00541202
2458897.5814211266 1.00606659 0.00541202
2458897.5815258231 0.98802719 0.00541202
2458897.5816306216 0.99069104 0.00541202
2458897.5817353050 0.99652924 0.00541202
2458897.5818400215 0.99581705 0.00541202
2458897.5819447744 0.99444660 0.00541202
2458897.5820495640 1.00638244 0.00541202
2458897.5821541809 1.00308696 0.00541202
2458897.5822588746 1.00143136 0.00541202
2458897.5823634923 1.00023472 0.00541202
2458897.5824681711 1.00055834 0.00541202
2458897.5825728369 1.00397183 0.00541202
2458897.5826778738 0.99569288 0.00541202
2458897.5827824338 0.99012680 0.00541202
2458897.5828871024 0.98916072 0.00541202
2458897.5829917872 0.99029278 0.00541202
2458897.5830966453 0.99191514 0.00541202
2458897.5832013604 0.99031458 0.00541202
2458897.5833059293 0.99491587 0.00541202
2458897.5834105890 0.98961383 0.00541202
2458897.5835153246 0.99591593 0.00541202
2458897.5836201594 0.99900796 0.00541202
2458897.5837248918 0.99675432 0.00541202
2458897.5838298220 0.99225614 0.00541202
2458897.5839344966 0.99670857 0.00541202
2458897.5840393682 0.99546610 0.00541202
2458897.5841439050 0.99101021 0.00541202
2458897.5842486662 0.99050669 0.00541202
2458897.5843533510 1.00093617 0.00541202
2458897.5844577714 1.00336066 0.00541202
2458897.5845625084 1.00508065 0.00541202
2458897.5846672570 1.00148764 0.00541202
2458897.5847719312 1.00012519 0.00541202
2458897.5848767511 0.99722033 0.00541202
2458897.5849814056 0.99020411 0.00541202
2458897.5850860826 0.99538602 0.00541202
2458897.5851906883 0.99414312 0.00541202
2458897.5852955598 0.99399057 0.00541202
2458897.5854001832 0.99781594 0.00541202
2458897.5855048215 0.99343139 0.00541202
2458897.5856102118 0.99625193 0.00541202
2458897.5857148627 1.00411695 0.00541202
2458897.5858200011 0.99638833 0.00541202
2458897.5859247907 0.99935299 0.00541202
2458897.5860295580 1.00176648 0.00541202
2458897.5861343681 0.99684307 0.00541202
2458897.5862386832 0.99832046 0.00541202
2458897.5863433611 0.99284366 0.00541202
2458897.5864480310 0.99600791 0.00541202
2458897.5865527429 0.99969379 0.00541202
2458897.5866573891 0.99321301 0.00541202
2458897.5867620688 0.99627357 0.00541202
2458897.5868667127 0.99587295 0.00541202
2458897.5869712466 1.00159366 0.00541202
2458897.5870757429 1.00030549 0.00541202
2458897.5871804007 1.00295176 0.00541202
2458897.5872848434 0.99546303 0.00541202
2458897.5873894179 0.99935435 0.00541202
2458897.5874941153 0.99251793 0.00541202
2458897.5875988761 0.99511353 0.00541202
2458897.5877035335 0.99170777 0.00541202
2458897.5878082202 1.00272502 0.00541202
2458897.5879126834 0.99869541 0.00541202
2458897.5880172621 0.99517994 0.00541202
2458897.5881219232 1.00150124 0.00541202
2458897.5882267454 0.99857706 0.00541202
2458897.5883317492 0.99504789 0.00541202
2458897.5884363041 0.99308091 0.00541202
2458897.5885410341 0.99092444 0.00541202
2458897.5886455877 0.99058390 0.00541202
2458897.5887503149 0.99377276 0.00541202
2458897.5888550240 0.99772531 0.00541202
2458897.5889594653 0.99558766 0.00541202
2458897.5890640575 0.99371792 0.00541202
2458897.5891692229 0.99391065 0.00541202
2458897.5892736875 0.99326768 0.00541202
2458897.5893782899 0.99357500 0.00541202
2458897.5894829421 0.99616017 0.00541202
2458897.5895873583 0.99713336 0.00541202
2458897.5896919421 0.98873904 0.00541202
2458897.5897965962 0.99050483 0.00541202
2458897.5899016033 0.99747972 0.00541202
2458897.5900061345 0.99831184 0.00541202
2458897.5901108338 0.99544325 0.00541202
2458897.5902158311 0.99290675 0.00541202
2458897.5903204801 0.99622458 0.00541202
2458897.5904251994 1.00322633 0.00541202
2458897.5905299457 0.99514156 0.00541202
2458897.5906346883 1.00109613 0.00541202
2458897.5907393754 0.99271565 0.00541202
2458897.5908440803 0.99765484 0.00541202
2458897.5909488164 0.99041806 0.00541202
2458897.5910534556 1.00140543 0.00541202
2458897.5911582424 0.99400307 0.00541202
2458897.5912629846 0.99861140 0.00541202
2458897.5913676508 1.00233605 0.00541202
2458897.5914726518 0.99672292 0.00541202
2458897.5915774652 0.99621419 0.00541202
2458897.5916824914 0.99457166 0.00541202
2458897.5917870393 1.00358010 0.00541202
2458897.5918922047 0.99936146 0.00541202
2458897.5919969580 0.99284031 0.00541202
2458897.5921012256 0.99005337 0.00541202
2458897.5922060516 0.99567655 0.00541202
2458897.5923108440 0.99655205 0.00541202
2458897.5924155517 1.00191037 0.00541202
2458897.5925199972 0.99958977 0.00541202
2458897.5926245926 0.99869826 0.00541202
2458897.5927294316 1.00003286 0.00541202
2458897.5928344503 0.99755438 0.00541202
2458897.5929392651 1.00163716 0.00541202
2458897.5930439783 0.99278460 0.00541202
2458897.5931486753 0.99730690 0.00541202
2458897.5932536880 0.99593462 0.00541202
2458897.5933582592 0.99766754 0.00541202
2458897.5934629194 1.00001456 0.00541202
2458897.5935676037 0.99097983 0.00541202
2458897.5936722741 0.99645898 0.00541202
2458897.5937774461 0.99519684 0.00541202
2458897.5938821165 0.99923856 0.00541202
2458897.5939868735 0.99707545 0.00541202
2458897.5940917577 0.99629213 0.00541202
2458897.5941966474 0.98530580 0.00541202
2458897.5943011581 0.98906035 0.00541202
2458897.5944058751 0.99263059 0.00541202
2458897.5945106666 0.99726879 0.00541202
2458897.5946153700 0.99365138 0.00541202
2458897.5947200116 0.99505382 0.00541202
2458897.5948246648 1.00167503 0.00541202
2458897.5949293450 0.99935229 0.00541202
2458897.5950342542 1.00025151 0.00541202
2458897.5951391743 0.99742398 0.00541202
2458897.5952440039 0.99738426 0.00541202
2458897.5953486972 0.99258670 0.00541202
2458897.5954538770 0.99700767 0.00541202
2458897.5955582247 0.99580427 0.00541202
2458897.5956631056 0.99404200 0.00541202
2458897.5957679809 0.98899830 0.00541202
2458897.5958726536 1.00140337 0.00541202
2458897.5959773650 1.00285411 0.00541202
2458897.5960825696 0.99646359 0.00541202
2458897.5961872670 1.00279592 0.00541202
2458897.5962919677 0.99294160 0.00541202
2458897.5963967028 0.99231053 0.00541202
2458897.5965012712 0.99496195 0.00541202
2458897.5966058164 0.99090692 0.00541202
2458897.5967105641 0.99617308 0.00541202
2458897.5968153100 1.00078915 0.00541202
2458897.5969200241 1.00296336 0.00541202
2458897.5970246810 0.99401976 0.00541202
2458897.5971292723 1.00129649 0.00541202
2458897.5972340484 1.00222501 0.00541202
2458897.5973387430 1.00766007 0.00541202
2458897.5974434502 1.00073125 0.00541202
2458897.5975480704 1.00695959 0.00541202
2458897.5976524260 0.99887768 0.00541202
2458897.5977570745 0.98613076 0.00541202
2458897.5978617487 0.99640671 0.00541202
2458897.5979664130 0.99665750 0.00541202
2458897.5980711151 0.99785265 0.00541202
2458897.5981758493 1.00135418 0.00541202
2458897.5982809383 1.00203140 0.00541202
2458897.5983854304 0.99667490 0.00541202
2458897.5984902298 1.00148217 0.00541202
2458897.5985953379 1.00272737 0.00541202
2458897.5987004880 1.00305087 0.00541202
2458897.5988053582 0.99667331 0.00541202
2458897.5989099327 0.99388807 0.00541202
2458897.5990146799 0.99382162 0.00541202
2458897.5991194583 0.99349319 0.00541202
2458897.5992241111 1.00692831 0.00541202
2458897.5993289677 0.99834075 0.00541202
2458897.5994336680 1.00287886 0.00541202
2458897.5995384185 0.99906826 0.00541202
2458897.5996439420 0.99619517 0.00541202
2458897.5997487670 0.99553967 0.00541202
2458897.5998536148 0.99117007 0.00541202
2458897.5999581986 0.99423153 0.00541202
2458897.6000629487 0.98915625 0.00541202
2458897.6001681578 0.99087251 0.00541202
2458897.6002728636 0.99528837 0.00541202
2458897.6003779955 0.99538002 0.00541202
2458897.6004827404 0.99606174 0.00541202
2458897.6005874337 1.00139904 0.00541202
2458897.6006920598 1.00088060 0.00541202
2458897.6007966930 1.00420386 0.00541202
2458897.6009015511 0.99458488 0.00541202
2458897.6010063393 0.99220859 0.00541202
2458897.6011107587 0.99233687 0.00541202
2458897.6012154655 0.99033034 0.00541202
2458897.6013201759 0.98871443 0.00541202
2458897.6014249739 0.98856626 0.00541202
2458897.6015296378 0.98602649 0.00541202
2458897.6016343087 0.99798133 0.00541202
2458897.6017390401 0.99142068 0.00541202
2458897.6018436984 0.99830868 0.00541202
2458897.6019483628 0.99683570 0.00541202
2458897.6020530676 1.00112810 0.00541202
2458897.6021579728 0.99764098 0.00541202
2458897.6022627871 0.99401683 0.00541202
2458897.6023677010 0.99335215 0.00541202
2458897.6024724194 0.99438037 0.00541202
2458897.6025771862 0.99853126 0.00541202
2458897.6026820056 0.99825696 0.00541202
2458897.6027868218 0.99134417 0.00541202
2458897.6028915807 0.99978537 0.00541202
2458897.6029963093 0.99683408 0.00541202
2458897.6031009825 0.99332469 0.00541202
2458897.6032054853 0.99961301 0.00541202
2458897.6033100574 1.00008957 0.00541202
2458897.6034145756 0.99142552 0.00541202
2458897.6035193056 0.99559699 0.00541202
2458897.6036243187 0.98883503 0.00541202
2458897.6037290213 0.99298511 0.00541202
2458897.6038337373 0.99684839 0.00541202
2458897.6039384836 1.00062520 0.00541202
2458897.6040430828 1.00015347 0.00541202
2458897.6041477979 0.99575356 0.00541202
2458897.6042525689 0.99262768 0.00541202
2458897.6043572915 1.00049719 0.00541202
2458897.6044619735 0.99265552 0.00541202
2458897.6045666919 0.99493783 0.00541202
2458897.6046714317 0.99506347 0.00541202
2458897.6047761030 0.99283779 0.00541202
2458897.6048808461 0.99558990 0.00541202
2458897.6049857205 0.99565144 0.00541202
2458897.6050903685 0.99402370 0.00541202
2458897.6051950483 1.00344348 0.00541202
2458897.6052997629 0.99947842 0.00541202
2458897.6054045409 1.00115362 0.00541202
2458897.6055092700 0.99498178 0.00541202
2458897.6056139716 0.99697193 0.00541202
2458897.6057187486 0.99003932 0.00541202
2458897.6058236598 0.99443957 0.00541202
2458897.6059283554 0.99772300 0.00541202
2458897.6060328758 0.98558452 0.00541202
2458897.6061380557 0.99328944 0.00541202
2458897.6062427703 0.99566973 0.00541202
2458897.6063475013 1.00183819 0.00541202
2458897.6064523319 0.99737825 0.00541202
2458897.6065572253 0.99219632 0.00541202
2458897.6066619535 1.00670506 0.00541202
2458897.6067669978 1.00055533 0.00541202
2458897.6068717977 0.98939633 0.00541202
2458897.6069765873 0.99290955 0.00541202
2458897.6070813765 0.99107041 0.00541202
2458897.6071861172 0.99331274 0.00541202
2458897.6072915867 0.98992360 0.00541202
2458897.6073956788 0.99209521 0.00541202
2458897.6075006826 0.99452739 0.00541202
2458897.6076054103 0.99522253 0.00541202
2458897.6077101701 1.00467626 0.00541202
2458897.6078148228 1.00128777 0.00541202
2458897.6079192115 1.00138978 0.00541202
2458897.6080239015 1.00310106 0.00541202
2458897.6081286264 0.99367750 0.00541202
2458897.6082333401 0.99153851 0.00541202
2458897.6083380217 0.99004780 0.00541202
2458897.6084429435 0.99465302 0.00541202
2458897.6085476279 0.99473565 0.00541202
2458897.6086524320 0.99576496 0.00541202
2458897.6087576277 0.99919550 0.00541202
2458897.6088622720 0.99133766 0.00541202
2458897.6089672316 0.99249367 0.00541202
2458897.6090725982 1.00017615 0.00541202
2458897.6091777463 0.99779072 0.00541202
2458897.6092825350 0.98701977 0.00541202
2458897.6093873046 0.99647551 0.00541202
2458897.6094918940 0.99812452 0.00541202
2458897.6095966310 0.99223186 0.00541202
2458897.6097013243 0.99368617 0.00541202
2458897.6098061153 0.99022467 0.00541202
2458897.6099106767 0.99907376 0.00541202
2458897.6100154007 0.99874403 0.00541202
2458897.6101200664 0.99687851 0.00541202
2458897.6102248691 1.00303288 0.00541202
2458897.6103295847 0.99688190 0.00541202
2458897.6104344102 0.98873369 0.00541202
2458897.6105392198 0.99389143 0.00541202
2458897.6106437561 0.99384642 0.00541202
2458897.6107484708 0.98973953 0.00541202
2458897.6108531882 0.99905206 0.00541202
2458897.6109581725 0.99492350 0.00541202
2458897.6110634706 1.00509636 0.00541202
2458897.6111681913 0.99581714 0.00541202
2458897.6112729339 0.98367381 0.00541202
2458897.6113777221 1.00035456 0.00541202
2458897.6114823879 0.99444403 0.00541202
2458897.6115868669 0.99280135 0.00541202
2458897.6116915862 0.98822855 0.00541202
2458897.6117964103 0.99675490 0.00541202
2458897.6119009941 0.99834819 0.00541202
2458897.6120054978 0.99714225 0.00541202
2458897.6121101161 0.99519287 0.00541202
2458897.6122147846 0.99221855 0.00541202
2458897.6123195039 0.99148778 0.00541202
2458897.6124242214 0.99847513 0.00541202
2458897.6125288028 0.99507086 0.00541202
2458897.6126334514 0.99720100 0.00541202
2458897.6127394307 1.00076849 0.00541202
2458897.6128443335 0.99693896 0.00541202
2458897.6129497206 0.99618023 0.00541202
2458897.6130544725 0.99259050 0.00541202
2458897.6131596947 0.99649540 0.00541202
2458897.6132644429 0.99739637 0.00541202
2458897.6133693201 1.00077623 0.00541202
2458897.6134740566 1.00127193 0.00541202
2458897.6135786972 0.99815823 0.00541202
2458897.6136833574 0.99764186 0.00541202
2458897.6137879924 0.98823307 0.00541202
2458897.6138925189 0.99491934 0.00541202
2458897.6139971060 0.99637061 0.00541202
2458897.6141019869 0.99209991 0.00541202
2458897.6142068263 0.99824352 0.00541202
2458897.6143112136 0.99696439 0.00541202
2458897.6144158966 0.99700186 0.00541202
2458897.6145207291 0.99865470 0.00541202
2458897.6146252314 1.00124636 0.00541202
2458897.6147299055 1.00286938 0.00541202
2458897.6148346988 1.00303083 0.00541202
2458897.6149396081 0.99437496 0.00541202
2458897.6150442581 0.99650913 0.00541202
2458897.6151491781 1.00352981 0.00541202
2458897.6152541866 0.99533959 0.00541202
2458897.6153586525 0.99856647 0.00541202
2458897.6154634519 0.99692250 0.00541202
2458897.6155679459 0.99799406 0.00541202
2458897.6156725981 1.00159278 0.00541202
2458897.6157773538 0.99968166 0.00541202
2458897.6158819841 0.99562169 0.00541202
2458897.6159866154 1.00296660 0.00541202
2458897.6160934865 0.99603130 0.00541202
2458897.6161980862 0.99313891 0.00541202
2458897.6163030122 0.98970322 0.00541202
2458897.6164074345 1.00311273 0.00541202
2458897.6165123284 0.99469242 0.00541202
2458897.6166169476 0.99299914 0.00541202
2458897.6167216366 0.99221036 0.00541202
2458897.6168268048 0.99395568 0.00541202
2458897.6169316284 0.99965455 0.00541202
2458897.6170365098 0.99843097 0.00541202
2458897.6171412850 0.99693212 0.00541202
2458897.6172460346 0.99388518 0.00541202
2458897.6173513895 0.99656928 0.00541202
2458897.6174559477 1.00101265 0.00541202
2458897.6175606716 0.99367809 0.00541202
2458897.6176656564 0.99971009 0.00541202
2458897.6177709689 1.00077324 0.00541202
2458897.6178758033 0.98971422 0.00541202
2458897.6179805496 0.99797552 0.00541202
2458897.6180852614 0.99934631 0.00541202
2458897.6181898867 0.99446211 0.00541202
2458897.6182945305 0.99474615 0.00541202
2458897.6183992368 0.99571812 0.00541202
2458897.6185039389 0.99499982 0.00541202
2458897.6186086414 0.99536668 0.00541202
2458897.6187137794 0.99486411 0.00541202
2458897.6188185806 1.00486542 0.00541202
2458897.6189233195 0.99338761 0.00541202
2458897.6190280095 0.99926624 0.00541202
2458897.6191327851 1.00233566 0.00541202
2458897.6192374756 0.99344015 0.00541202
2458897.6193422414 0.99499393 0.00541202
2458897.6194469337 0.99932932 0.00541202
2458897.6195517192 0.99885370 0.00541202
2458897.6196567528 0.99448686 0.00541202
2458897.6197615121 0.99360422 0.00541202
2458897.6198663395 0.99171586 0.00541202
2458897.6199710784 1.00226169 0.00541202
2458897.6200757730 0.99686022 0.00541202
2458897.6201805235 1.00295702 0.00541202
2458897.6202857797 1.00050700 0.00541202
2458897.6203901540 1.00311894 0.00541202
2458897.6204947047 1.00675123 0.00541202
2458897.6205995833 1.00114266 0.00541202
2458897.6207048022 1.00002219 0.00541202
2458897.6208105469 0.99943363 0.00541202
2458897.6209152276 0.99271240 0.00541202
2458897.6210204330 0.99760721 0.00541202
2458897.6211255798 0.99563194 0.00541202
2458897.6212302116 1.00030013 0.00541202
2458897.6213349183 0.99730181 0.00541202
2458897.6214395170 1.00025793 0.00541202
2458897.6215442140 0.99746592 0.00541202
2458897.6216489328 0.99528820 0.00541202
2458897.6217537043 1.00492909 0.00541202
2458897.6218582354 0.99483074 0.00541202
2458897.6219628919 0.99172561 0.00541202
2458897.6220676345 1.00077163 0.00541202
2458897.6221722825 0.99305643 0.00541202
2458897.6222770298 0.99090740 0.00541202
2458897.6223815163 1.00188915 0.00541202
2458897.6224862370 0.99787929 0.00541202
2458897.6225908808 0.99756645 0.00541202
2458897.6226955610 0.99202375 0.00541202
2458897.6228001430 0.99778573 0.00541202
2458897.6229048367 1.00043391 0.00541202
2458897.6230096067 0.99333465 0.00541202
2458897.6231144867 0.99121404 0.00541202
2458897.6232192246 0.99675428 0.00541202
2458897.6233239751 0.99939079 0.00541202
2458897.6234287224 0.99481110 0.00541202
2458897.6235331995 0.99867382 0.00541202
2458897.6236379370 0.99231916 0.00541202
2458897.6237423900 0.99175966 0.00541202
2458897.6238475633 0.99773044 0.00541202
2458897.6239522682 1.00088073 0.00541202
2458897.6240573907 1.00333849 0.00541202
2458897.6241620397 0.99096933 0.00541202
2458897.6242667544 0.99124738 0.00541202
2458897.6243716194 0.99559792 0.00541202
2458897.6244764407 0.99139744 0.00541202
2458897.6245811190 0.99419646 0.00541202
2458897.6246858989 0.99418682 0.00541202
2458897.6247905493 0.99555190 0.00541202
2458897.6248953659 0.99416720 0.00541202
2458897.6250001122 1.00321504 0.00541202
2458897.6251044823 1.00011836 0.00541202
2458897.6252092207 1.00238209 0.00541202
2458897.6253138990 0.99906147 0.00541202
2458897.6254184390 0.99247338 0.00541202
2458897.6255231411 0.99822211 0.00541202
2458897.6256276625 0.98935571 0.00541202
2458897.6257326477 0.99929735 0.00541202
2458897.6258371924 0.99744484 0.00541202
2458897.6259419401 0.99634290 0.00541202
2458897.6260466594 0.99946145 0.00541202
2458897.6261514155 1.00430712 0.00541202
2458897.6262561930 0.99938296 0.00541202
2458897.6263610194 1.00068299 0.00541202
2458897.6264655483 0.99373777 0.00541202
2458897.6265701116 0.99264325 0.00541202
2458897.6266748328 0.99425879 0.00541202
2458897.6267795661 0.99248865 0.00541202
2458897.6268842816 0.99682464 0.00541202
2458897.6269891066 0.99956172 0.00541202
2458897.6270938655 1.00376905 0.00541202
2458897.6271985252 0.99848729 0.00541202
2458897.6273032776 1.00147362 0.00541202
2458897.6274079019 0.99745612 0.00541202
2458897.6275125477 1.00322415 0.00541202
2458897.6276178956 0.99282278 0.00541202
2458897.6277226349 0.99686117 0.00541202
2458897.6278272821 0.99803844 0.00541202
2458897.6279320503 0.99659857 0.00541202
2458897.6280367612 0.99253265 0.00541202
2458897.6281414772 1.00148085 0.00541202
2458897.6282459912 1.00043297 0.00541202
2458897.6283507315 0.99513168 0.00541202
2458897.6284554363 0.99997959 0.00541202
2458897.6285601691 1.00459529 0.00541202
2458897.6286650179 0.99571552 0.00541202
2458897.6287697619 0.99570118 0.00541202
2458897.6288745580 0.99696247 0.00541202
2458897.6289793891 0.99053805 0.00541202
2458897.6290841382 0.99642555 0.00541202
2458897.6291889814 0.99150566 0.00541202
2458897.6292938166 0.98910745 0.00541202
2458897.6293981816 0.99451665 0.00541202
2458897.6295028874 0.99740627 0.00541202
2458897.6296082805 0.99182707 0.00541202
2458897.6297130296 1.00438559 0.00541202
2458897.6298178327 1.00011375 0.00541202
2458897.6299225721 0.99133238 0.00541202
2458897.6300273365 0.99387521 0.00541202
2458897.6301320908 0.99420023 0.00541202
2458897.6302370043 0.99531782 0.00541202
2458897.6303419909 0.99307044 0.00541202
2458897.6304466748 0.99933920 0.00541202
2458897.6305511501 0.99531352 0.00541202
2458897.6306560305 0.99627383 0.00541202
2458897.6307607456 0.99394671 0.00541202
2458897.6308653005 0.99611419 0.00541202
2458897.6309700334 0.99741583 0.00541202
2458897.6310751010 1.00017490 0.00541202
2458897.6311798543 0.99392491 0.00541202
2458897.6312845522 0.99531796 0.00541202
2458897.6313893627 0.99350697 0.00541202
2458897.6314939489 0.99370773 0.00541202
2458897.6315986998 0.99415952 0.00541202
2458897.6317035533 0.99640977 0.00541202
2458897.6318082479 0.99554508 0.00541202
2458897.6319129486 1.00000237 0.00541202
2458897.6320177428 1.00151204 0.00541202
2458897.6321223197 1.00200524 0.00541202
2458897.6322270469 0.99536528 0.00541202
2458897.6323317634 1.00037410 0.00541202
2458897.6324364655 1.00232140 0.00541202
2458897.6325415461 0.99772002 0.00541202
2458897.6326461630 0.99446105 0.00541202
2458897.6327507799 0.99429114 0.00541202
2458897.6328561613 0.99776741 0.00541202
2458897.6329608737 0.99431020 0.00541202
2458897.6330656419 0.99713959 0.00541202
2458897.6331703407 0.99926666 0.00541202
2458897.6332750604 1.00024718 0.00541202
2458897.6333796256 0.99486886 0.00541202
2458897.6334844003 0.99248745 0.00541202
2458897.6335892822 0.99126887 0.00541202
2458897.6336940099 0.99622692 0.00541202
2458897.6337985788 0.99515242 0.00541202
2458897.6339032822 0.99207234 0.00541202
2458897.6340080132 0.99541587 0.00541202
2458897.6341125681 0.99604744 0.00541202
2458897.6342173433 1.00054187 0.00541202
2458897.6343221008 0.99723211 0.00541202
2458897.6344266590 1.00452135 0.00541202
2458897.6345315073 0.99937793 0.00541202
2458897.6346361670 0.99592548 0.00541202
2458897.6347408220 0.99248747 0.00541202
2458897.6348455292 0.98780937 0.00541202
2458897.6349504050 0.99708346 0.00541202
2458897.6350551741 0.99450245 0.00541202
2458897.6351595907 0.99400673 0.00541202
2458897.6352643836 0.99818777 0.00541202
2458897.6353691290 1.00325728 0.00541202
2458897.6354745263 1.00651008 0.00541202
2458897.6355793402 0.99801157 0.00541202
2458897.6356842164 0.98721586 0.00541202
2458897.6357889995 0.99281954 0.00541202
2458897.6358939866 0.99815907 0.00541202
2458897.6359986239 0.99736487 0.00541202
2458897.6361033944 0.99512693 0.00541202
2458897.6362079475 1.00058584 0.00541202
2458897.6363126477 0.99871334 0.00541202
2458897.6364174453 0.99859556 0.00541202
2458897.6365220291 1.00125536 0.00541202
2458897.6366268108 1.00371290 0.00541202
2458897.6367316749 1.00477182 0.00541202
2458897.6368364375 0.99552170 0.00541202
2458897.6369412206 0.99521357 0.00541202
2458897.6370461383 0.99535250 0.00541202
2458897.6371508660 0.99908327 0.00541202
2458897.6372556915 0.99612424 0.00541202
2458897.6373604187 1.00290162 0.00541202
2458897.6374651743 1.00767849 0.00541202
2458897.6375699067 1.00784525 0.00541202
2458897.6376748732 1.00085852 0.00541202
2458897.6377795753 1.00182398 0.00541202
2458897.6378842210 1.00154326 0.00541202
2458897.6379889064 0.99780107 0.00541202
2458897.6380936662 0.99231312 0.00541202
2458897.6381983743 0.98603591 0.00541202
2458897.6383034387 0.99376636 0.00541202
2458897.6384080374 0.99474351 0.00541202
2458897.6385131939 0.99626646 0.00541202
2458897.6386179742 0.98869629 0.00541202
2458897.6387227233 0.98886492 0.00541202
2458897.6388276373 1.00022621 0.00541202
2458897.6389321513 1.00442451 0.00541202
2458897.6390367369 0.99259020 0.00541202
2458897.6391412816 0.98816304 0.00541202
2458897.6392460642 0.99050568 0.00541202
2458897.6393507193 0.99417522 0.00541202
2458897.6394555517 0.98446828 0.00541202
2458897.6395609705 0.99769556 0.00541202
2458897.6396657005 1.00185068 0.00541202
2458897.6397703048 0.99710239 0.00541202
2458897.6398747829 0.99417196 0.00541202
2458897.6399794058 0.99844388 0.00541202
2458897.6400841684 0.99483894 0.00541202
2458897.6401889124 0.99757689 0.00541202
2458897.6402937090 0.98911547 0.00541202
2458897.6403984451 0.98866329 0.00541202
2458897.6405032324 0.98193570 0.00541202
2458897.6406078660 0.98885583 0.00541202
2458897.6407126249 0.97736492 0.00541202
2458897.6408174713 0.98592887 0.00541202
2458897.6409222782 0.98942349 0.00541202
2458897.6410273481 0.98453576 0.00541202
2458897.6411321065 0.98356767 0.00541202
2458897.6412364943 0.98001681 0.00541202
2458897.6413410967 0.98889631 0.00541202
2458897.6414457830 0.98875636 0.00541202
2458897.6415504427 0.99216436 0.00541202
2458897.6416552039 0.99847786 0.00541202
2458897.6417600261 0.98540751 0.00541202
2458897.6418645107 0.99676415 0.00541202
2458897.6419692333 0.98698459 0.00541202
2458897.6420739340 0.98764120 0.00541202
2458897.6421786114 0.99044842 0.00541202
2458897.6422832077 0.99323498 0.00541202
2458897.6423879266 0.98682546 0.00541202
2458897.6424925602 1.00855104 0.00541202
2458897.6425972460 0.99132487 0.00541202
2458897.6427018987 1.01947415 0.00541202
2458897.6428070208 1.01214963 0.00541202
2458897.6429120749 1.01265777 0.00541202
2458897.6430167798 1.01503789 0.00541202
2458897.6431215364 1.01091448 0.00541202
2458897.6432262938 1.00556983 0.00541202
2458897.6433310718 1.00885184 0.00541202
2458897.6434355541 1.00643239 0.00541202
2458897.6435405151 1.00461389 0.00541202
2458897.6436452060 0.99982728 0.00541202
2458897.6437498820 0.99568866 0.00541202
2458897.6438551224 1.00032900 0.00541202
2458897.6439599390 0.99412953 0.00541202
2458897.6440646751 0.99982236 0.00541202
2458897.6441695103 1.00309781 0.00541202
2458897.6442741859 0.99848941 0.00541202
2458897.6443791753 0.99398019 0.00541202
2458897.6444838480 0.99701181 0.00541202
2458897.6445890814 0.99026589 0.00541202
2458897.6446938780 1.00014754 0.00541202
2458897.6447986565 1.00260338 0.00541202
2458897.6449034023 0.99869439 0.00541202
2458897.6450083633 1.00181417 0.00541202
2458897.6451131618 0.99575180 0.00541202
2458897.6452179174 1.00077537 0.00541202
2458897.6453227228 0.99734465 0.00541202
2458897.6454275763 0.99633471 0.00541202
2458897.6455323822 0.99352880 0.00541202
2458897.6456372016 0.99975995 0.00541202
2458897.6457418874 1.00618503 0.00541202
2458897.6458465592 0.99935606 0.00541202
2458897.6459510839 1.00849270 0.00541202
2458897.6460559019 0.99773245 0.00541202
2458897.6461607153 1.00199380 0.00541202
2458897.6462653396 1.00061013 0.00541202
2458897.6463700733 0.99629217 0.00541202
2458897.6464746753 0.99641432 0.00541202
2458897.6465794095 1.00226165 0.00541202
2458897.6466840385 1.00166389 0.00541202
2458897.6467888681 1.00332967 0.00541202
2458897.6468940470 0.99602790 0.00541202
2458897.6469987673 1.00607759 0.00541202
2458897.6471035746 1.00082361 0.00541202
2458897.6472081519 1.00448279 0.00541202
2458897.6473127585 0.99831879 0.00541202
2458897.6474174988 0.99604999 0.00541202
2458897.6475223312 0.99363544 0.00541202
2458897.6476269201 0.98860123 0.00541202
2458897.6477317358 1.00066111 0.00541202
2458897.6478365296 0.99574522 0.00541202
2458897.6479419959 0.99670636 0.00541202
2458897.6480466914 0.99306075 0.00541202
2458897.6481514969 0.99386908 0.00541202
2458897.6482563643 1.00255625 0.00541202
2458897.6483610654 0.99647841 0.00541202
2458897.6484656050 1.00392827 0.00541202
2458897.6485703071 1.00348367 0.00541202
2458897.6486749528 0.99397848 0.00541202
2458897.6487796605 1.00911196 0.00541202
2458897.6488844226 1.00914593 0.00541202
2458897.6489890530 1.00181018 0.00541202
2458897.6490937676 1.00801612 0.00541202
2458897.6491988702 1.00642693 0.00541202
2458897.6493036156 1.00135295 0.00541202
2458897.6494082790 1.00685574 0.00541202
2458897.6495129708 0.99225105 0.00541202
2458897.6496175146 0.99296961 0.00541202
2458897.6497222302 0.99769401 0.00541202
2458897.6498270584 0.99605224 0.00541202
2458897.6499318788 1.00176628 0.00541202
2458897.6500370898 1.00137508 0.00541202
2458897.6501423153 1.00021949 0.00541202
2458897.6502471315 1.00359389 0.00541202
2458897.6503518834 0.99962779 0.00541202
2458897.6504570469 0.99540775 0.00541202
2458897.6505619707 1.00015899 0.00541202
2458897.6506671170 1.00259281 0.00541202
2458897.6507716463 1.00008867 0.00541202
2458897.6508764760 0.99988504 0.00541202
2458897.6509809387 0.99252474 0.00541202
2458897.6510856883 0.99037257 0.00541202
2458897.6511905002 0.99646262 0.00541202
2458897.6512953504 0.99851048 0.00541202
2458897.6514001959 1.00130969 0.00541202
2458897.6515049390 1.00339588 0.00541202
2458897.6516097253 1.00094210 0.00541202
2458897.6517145629 0.99597989 0.00541202
2458897.6518192473 0.99695507 0.00541202
2458897.6519247503 0.99378160 0.00541202
2458897.6520294580 0.99919533 0.00541202
2458897.6521342644 1.00142700 0.00541202
2458897.6522388901 0.99306727 0.00541202
2458897.6523436834 1.01273111 0.00541202
2458897.6524487967 0.99693880 0.00541202
2458897.6525535188 1.00139642 0.00541202
2458897.6526582805 1.00450069 0.00541202
2458897.6527628908 0.99932034 0.00541202
2458897.6528679514 1.00399246 0.00541202
2458897.6529728067 0.99341828 0.00541202
2458897.6530778199 1.00168402 0.00541202
2458897.6531825527 0.99648257 0.00541202
2458897.6532872557 1.00261205 0.00541202
2458897.6533919433 1.00226866 0.00541202
2458897.6534968410 0.99717503 0.00541202
2458897.6536020678 1.00164187 0.00541202
2458897.6537072649 0.99698747 0.00541202
2458897.6538120853 0.99857133 0.00541202
2458897.6539168530 1.00163580 0.00541202
2458897.6540217088 1.00676389 0.00541202
2458897.6541264760 0.99697977 0.00541202
2458897.6542312228 0.99854444 0.00541202
2458897.6543359291 1.00346834 0.00541202
2458897.6544407071 0.99810047 0.00541202
2458897.6545453141 1.00207466 0.00541202
2458897.6546498779 0.99795355 0.00541202
2458897.6547547807 1.00095350 0.00541202
2458897.6548596444 0.99958356 0.00541202
2458897.6549643469 0.99772449 0.00541202
2458897.6550689456 1.00135908 0.00541202
2458897.6551737203 1.00281912 0.00541202
2458897.6552782897 0.99679060 0.00541202
2458897.6553828069 1.00035191 0.00541202
2458897.6554875877 0.99925324 0.00541202
2458897.6555924369 0.99995122 0.00541202
2458897.6556973918 0.99983062 0.00541202
2458897.6558021759 0.99474413 0.00541202
2458897.6559068868 1.00222521 0.00541202
2458897.6560118520 1.00360880 0.00541202
2458897.6561168907 1.00259413 0.00541202
2458897.6562217451 1.00594718 0.00541202
2458897.6563265822 1.00514524 0.00541202
2458897.6564313322 1.00178315 0.00541202
2458897.6565361912 1.00217605 0.00541202
2458897.6566409473 0.99803221 0.00541202
2458897.6567456904 0.99698322 0.00541202
2458897.6568502923 0.99084416 0.00541202
2458897.6569550433 1.00053708 0.00541202
2458897.6570598232 0.99939587 0.00541202
2458897.6571643888 0.99646341 0.00541202
2458897.6572692599 1.00078709 0.00541202
2458897.6573740724 1.00256784 0.00541202
2458897.6574788108 1.00316515 0.00541202
2458897.6575836590 0.99618975 0.00541202
2458897.6576882778 0.99922175 0.00541202
2458897.6577928611 0.99286456 0.00541202
2458897.6578976046 0.99950573 0.00541202
2458897.6580023728 0.99387793 0.00541202
2458897.6581070949 1.00029078 0.00541202
2458897.6582118100 0.99607390 0.00541202
2458897.6583164264 0.99578594 0.00541202
2458897.6584212231 1.00432196 0.00541202
2458897.6585259931 1.00449616 0.00541202
2458897.6586307022 1.00433936 0.00541202
2458897.6587352525 0.99929751 0.00541202
2458897.6588398903 0.99835526 0.00541202
2458897.6589445793 1.00205291 0.00541202
2458897.6590496153 0.99698869 0.00541202
2458897.6591543774 1.00043284 0.00541202
2458897.6592590748 0.99695341 0.00541202
2458897.6593638184 1.00091877 0.00541202
2458897.6594684585 0.99648890 0.00541202
2458897.6595732835 0.99801341 0.00541202
2458897.6596780769 0.99746321 0.00541202
2458897.6597827654 1.00874814 0.00541202
2458897.6598872766 1.00553581 0.00541202
2458897.6599920252 1.00599546 0.00541202
2458897.6600967809 0.99923881 0.00541202
2458897.6602015439 1.01107583 0.00541202
2458897.6603061403 1.01496132 0.00541202
2458897.6604107535 1.00409449 0.00541202
2458897.6605153554 0.98506362 0.00541202
2458897.6606203537 0.99437307 0.00541202
2458897.6607251251 1.00712739 0.00541202
2458897.6608296661 1.00724438 0.00541202
2458897.6609344343 1.02849246 0.00541202
2458897.6610392281 1.02580255 0.00541202
2458897.6611440424 1.01369340 0.00541202
2458897.6612487738 1.00563767 0.00541202
2458897.6613540221 1.00099368 0.00541202
2458897.6614587186 1.00471039 0.00541202
2458897.6615632810 1.01273210 0.00541202
2458897.6616680236 1.00505539 0.00541202
2458897.6617727689 1.01987708 0.00541202
2458897.6618775246 1.00107000 0.00541202
2458897.6619823487 0.99033950 0.00541202
2458897.6620872910 1.00799518 0.00541202
2458897.6621918869 1.00347112 0.00541202
2458897.6622968107 1.01965330 0.00541202
2458897.6624018508 0.99449148 0.00541202
2458897.6625069324 1.00817003 0.00541202
2458897.6626116801 0.99842021 0.00541202
2458897.6627165847 1.01453767 0.00541202
2458897.6628210545 1.00001879 0.00541202
2458897.6629259954 1.01180334 0.00541202
2458897.6630307306 0.98512074 0.00541202
2458897.6631353884 0.98936576 0.00541202
2458897.6632405631 1.00312295 0.00541202
2458897.6633453020 0.98024624 0.00541202
2458897.6634500627 1.00709687 0.00541202
2458897.6635548552 0.97981863 0.00541202
2458897.6636596834 0.99848287 0.00541202
2458897.6637644395 1.00231676 0.00541202
2458897.6638695812 1.00282069 0.00541202
2458897.6639742185 1.00197992 0.00541202
2458897.6640789527 0.99713586 0.00541202
2458897.6641837088 1.01434557 0.00541202
2458897.6642881562 1.01469770 0.00541202
2458897.6643929211 1.00369075 0.00541202
2458897.6644976418 1.01870913 0.00541202
2458897.6646023886 0.99964198 0.00541202
2458897.6647071601 1.01962739 0.00541202
2458897.6648118766 1.00479063 0.00541202
2458897.6649165060 0.99492956 0.00541202
2458897.6650209413 1.00117808 0.00541202
2458897.6651255335 1.01630712 0.00541202
2458897.6652304009 1.01946151 0.00541202
2458897.6653350843 1.01207881 0.00541202
2458897.6654399401 1.00311689 0.00541202
2458897.6655446631 1.00819709 0.00541202
2458897.6656493763 1.01215569 0.00541202
2458897.6657542549 0.99709455 0.00541202
2458897.6658590860 1.00316097 0.00541202
2458897.6659639506 0.99663330 0.00541202
2458897.6660683928 0.99345518 0.00541202
2458897.6661736849 0.99877672 0.00541202
2458897.6662783427 1.00858533 0.00541202
2458897.6663829535 0.99800412 0.00541202
2458897.6664876235 0.98303904 0.00541202
2458897.6665923623 0.99306920 0.00541202
2458897.6666973792 0.99170977 0.00541202
2458897.6668020287 0.99297950 0.00541202
2458897.6669069426 0.99946997 0.00541202
2458897.6670115651 1.01035339 0.00541202
2458897.6671161409 0.99846280 0.00541202
2458897.6672207690 0.99847607 0.00541202
2458897.6673254105 0.99176925 0.00541202
2458897.6674301215 0.99221217 0.00541202
2458897.6675349209 0.99066329 0.00541202
2458897.6676397151 0.99739653 0.00541202
2458897.6677445639 1.00071750 0.00541202
2458897.6678494005 1.00645904 0.00541202
2458897.6679541846 0.99924372 0.00541202
2458897.6680588597 1.00726009 0.00541202
2458897.6681636400 1.00204370 0.00541202
2458897.6682682098 1.00669328 0.00541202
2458897.6683729733 1.00032036 0.00541202
2458897.6684776936 1.00154359 0.00541202
2458897.6685826755 1.00409330 0.00541202
2458897.6686874223 1.00599281 0.00541202
2458897.6687925663 0.99617315 0.00541202
2458897.6688973643 1.00223579 0.00541202
2458897.6690021749 1.00253773 0.00541202
2458897.6691069482 1.00281471 0.00541202
2458897.6692117276 0.99956311 0.00541202
2458897.6693166699 1.00000810 0.00541202
2458897.6694213110 1.00167631 0.00541202
2458897.6695260913 0.99966919 0.00541202
2458897.6696307492 1.00182077 0.00541202
2458897.6697355052 1.00432984 0.00541202
2458897.6698401459 1.00427328 0.00541202
2458897.6699449453 1.00374371 0.00541202
2458897.6700497628 1.00014890 0.00541202
2458897.6701545101 1.00306861 0.00541202
2458897.6702592666 0.99858538 0.00541202
2458897.6703641405 0.99534642 0.00541202
2458897.6704689614 0.99156879 0.00541202
2458897.6705737803 1.00479317 0.00541202
2458897.6706787623 0.99777067 0.00541202
2458897.6707836622 0.99548166 0.00541202
2458897.6708882479 1.00185115 0.00541202
2458897.6709929602 0.99958616 0.00541202
2458897.6710977545 1.00417114 0.00541202
2458897.6712018591 1.00601309 0.00541202
2458897.6713065505 1.00108522 0.00541202
2458897.6714113932 0.99651480 0.00541202
2458897.6715161502 0.99881691 0.00541202
2458897.6716208202 0.99400792 0.00541202
2458897.6717255963 1.00455282 0.00541202
2458897.6718303561 0.99632237 0.00541202
2458897.6719351350 0.99347961 0.00541202
2458897.6720399950 1.00328815 0.00541202
2458897.6721448456 0.99535037 0.00541202
2458897.6722495183 1.00131582 0.00541202
2458897.6723542423 0.99825381 0.00541202
2458897.6724589788 0.99453343 0.00541202
2458897.6725639049 0.99686063 0.00541202
2458897.6726687090 1.00268623 0.00541202
2458897.6727735330 1.00051310 0.00541202
2458897.6728781327 0.99891162 0.00541202
2458897.6729828650 1.00086029 0.00541202
2458897.6730876155 0.99843825 0.00541202
2458897.6731922701 1.00348530 0.00541202
2458897.6732970849 1.00191615 0.00541202
2458897.6734017762 0.99488031 0.00541202
2458897.6735068024 1.00084962 0.00541202
2458897.6736115459 0.99520513 0.00541202
2458897.6737164608 1.00083726 0.00541202
2458897.6738212169 0.99872703 0.00541202
2458897.6739258990 1.00039570 0.00541202
2458897.6740311161 0.99709996 0.00541202
2458897.6741362005 0.99729375 0.00541202
2458897.6742410292 1.00219508 0.00541202
2458897.6743462100 1.00194637 0.00541202
2458897.6744510480 0.99551557 0.00541202
2458897.6745562251 0.99644503 0.00541202
2458897.6746609607 1.00325905 0.00541202
2458897.6747657284 0.99567197 0.00541202
2458897.6748705092 1.00089206 0.00541202
2458897.6749752224 1.00016831 0.00541202
2458897.6750800707 0.99577315 0.00541202
2458897.6751848338 0.99320872 0.00541202
2458897.6752895606 0.98927421 0.00541202
2458897.6753940601 0.99913616 0.00541202
2458897.6754986681 0.99113348 0.00541202
2458897.6756033790 0.99026496 0.00541202
2458897.6757082297 0.99402361 0.00541202
2458897.6758129182 0.99248955 0.00541202
2458897.6759175663 0.99827980 0.00541202
2458897.6760222684 0.99954660 0.00541202
2458897.6761271292 0.99746713 0.00541202
2458897.6762317866 1.00545783 0.00541202
2458897.6763365921 0.99368317 0.00541202
2458897.6764415829 0.99769128 0.00541202
2458897.6765460279 0.99822428 0.00541202
2458897.6766508115 1.00323086 0.00541202
2458897.6767555540 1.00118323 0.00541202
2458897.6768603115 0.99904709 0.00541202
2458897.6769655519 1.00705689 0.00541202
2458897.6770706605 1.00244111 0.00541202
2458897.6771757626 0.99828853 0.00541202
2458897.6772804037 0.99610095 0.00541202
2458897.6773848571 0.98785481 0.00541202
2458897.6774894306 0.99684181 0.00541202
2458897.6775942328 0.99448374 0.00541202
2458897.6776991002 0.99450182 0.00541202
2458897.6778038843 0.99801775 0.00541202
2458897.6779087419 0.99012810 0.00541202
2458897.6780133401 0.98435746 0.00541202
2458897.6781181046 1.00061333 0.00541202
2458897.6782228784 0.99768091 0.00541202
2458897.6783274235 0.99232973 0.00541202
2458897.6784322415 0.99807555 0.00541202
2458897.6785369269 0.98652766 0.00541202
2458897.6786416820 1.00021428 0.00541202
2458897.6787465662 0.99179042 0.00541202
2458897.6788513516 0.99508507 0.00541202
2458897.6789561654 0.99388362 0.00541202
2458897.6790609979 1.00049532 0.00541202
2458897.6791655459 0.99394858 0.00541202
2458897.6792703057 1.00259338 0.00541202
2458897.6793751242 0.99653246 0.00541202
2458897.6794798905 0.99617511 0.00541202
2458897.6795843942 0.99973607 0.00541202
2458897.6796891675 0.99153749 0.00541202
2458897.6797937127 0.99794531 0.00541202
2458897.6798984762 1.00435708 0.00541202
2458897.6800033036 0.99978150 0.00541202
2458897.6801083349 0.99991128 0.00541202
2458897.6802130844 0.98987166 0.00541202
2458897.6803177693 0.99672229 0.00541202
2458897.6804226241 0.99218196 0.00541202
2458897.6805272861 1.00514039 0.00541202
2458897.6806319612 0.99429421 0.00541202
2458897.6807366586 1.00593679 0.00541202
2458897.6808413859 0.99857681 0.00541202
2458897.6809461638 0.99596605 0.00541202
2458897.6810509469 0.99887045 0.00541202
2458897.6811555550 1.00306683 0.00541202
2458897.6812603343 0.99801104 0.00541202
2458897.6813650536 0.99397057 0.00541202
2458897.6814696584 1.00367690 0.00541202
2458897.6815742613 1.00076528 0.00541202
2458897.6816790472 1.02628092 0.00541202
2458897.6817838089 1.00428904 0.00541202
2458897.6818883354 1.01247183 0.00541202
2458897.6819930105 1.01522394 0.00541202
2458897.6820975109 1.00433751 0.00541202
2458897.6822022349 1.00772227 0.00541202
2458897.6823069667 1.00174496 0.00541202
2458897.6824118663 1.00768473 0.00541202
2458897.6825166247 1.00805293 0.00541202
2458897.6826214571 0.99801810 0.00541202
2458897.6827265439 0.99415256 0.00541202
2458897.6828316152 1.00455749 0.00541202
2458897.6829363462 1.01050026 0.00541202
2458897.6830411446 1.01513237 0.00541202
2458897.6831458397 0.99707551 0.00541202
2458897.6832504403 0.99982796 0.00541202
2458897.6833552225 1.00920545 0.00541202
2458897.6834599646 1.00446833 0.00541202
2458897.6835646592 0.98777224 0.00541202
2458897.6836697352 1.00135892 0.00541202
2458897.6837743856 1.00783614 0.00541202
2458897.6838791552 1.00302481 0.00541202
2458897.6839840123 1.01655798 0.00541202
2458897.6840885957 1.01166650 0.00541202
2458897.6841930537 0.99952016 0.00541202
2458897.6842979402 1.00300024 0.00541202
2458897.6844026237 1.00487240 0.00541202
2458897.6845076624 0.99025134 0.00541202
2458897.6846124269 0.99280917 0.00541202
2458897.6847175932 0.99982246 0.00541202
2458897.6848223996 0.98712507 0.00541202
2458897.6849274305 0.98962526 0.00541202
2458897.6850323090 1.00144332 0.00541202
2458897.6851369035 1.00885145 0.00541202
2458897.6852417551 1.00561888 0.00541202
2458897.6853466067 1.00274009 0.00541202
2458897.6854513767 0.99259698 0.00541202
2458897.6855560294 0.97292366 0.00541202
2458897.6856610421 1.00478554 0.00541202
2458897.6857662820 1.01210944 0.00541202
2458897.6858708952 1.00541356 0.00541202
2458897.6859755637 0.98502249 0.00541202
2458897.6860803249 0.99357607 0.00541202
2458897.6861852598 1.01795708 0.00541202
2458897.6862899745 1.01065549 0.00541202
2458897.6863945737 1.01475018 0.00541202
2458897.6864993679 1.02905482 0.00541202
2458897.6866039434 0.98838308 0.00541202
2458897.6867086766 1.03892298 0.00541202
2458897.6868134839 1.01063935 0.00541202
2458897.6869181874 1.01804682 0.00541202
2458897.6870234665 1.01702072 0.00541202
2458897.6871278598 1.01498242 0.00541202
2458897.6872327724 1.02576135 0.00541202
2458897.6873375261 1.00319309 0.00541202
2458897.6874423348 1.01865410 0.00541202
2458897.6875469238 0.99723635 0.00541202
2458897.6876520114 1.00813850 0.00541202
2458897.6877569412 0.98643203 0.00541202
2458897.6878616451 0.99750947 0.00541202
2458897.6879663239 0.99991856 0.00541202
2458897.6880712518 0.99566493 0.00541202
2458897.6881768424 0.98819003 0.00541202
2458897.6882817145 0.98786371 0.00541202
2458897.6883863863 0.99666773 0.00541202
2458897.6884911512 0.99441857 0.00541202
2458897.6885958728 1.00301653 0.00541202
2458897.6887004399 0.98890597 0.00541202
2458897.6888052253 1.00570953 0.00541202
2458897.6889101081 1.00157053 0.00541202
2458897.6890148115 1.00144100 0.00541202
2458897.6891196258 0.99091820 0.00541202
2458897.6892242869 0.99083999 0.00541202
2458897.6893286104 0.98028009 0.00541202
2458897.6894333139 1.01466266 0.00541202
2458897.6895381324 0.99904740 0.00541202
2458897.6896426463 1.00030229 0.00541202
2458897.6897474327 0.99375426 0.00541202
2458897.6898520878 0.99823530 0.00541202
2458897.6899569849 0.99519424 0.00541202
2458897.6900622318 0.99518743 0.00541202
2458897.6901669372 1.02228239 0.00541202
2458897.6902716570 1.01023942 0.00541202
2458897.6903764582 1.00253892 0.00541202
2458897.6904812269 0.99873810 0.00541202
2458897.6905864691 0.99510644 0.00541202
2458897.6906912387 0.99400286 0.00541202
2458897.6907962682 0.99757989 0.00541202
2458897.6909010680 1.00381540 0.00541202
2458897.6910057543 1.00115570 0.00541202
2458897.6911111581 0.99340086 0.00541202
2458897.6912162649 1.00087020 0.00541202
2458897.6913210158 0.99812949 0.00541202
2458897.6914257961 0.98239461 0.00541202
2458897.6915305620 0.98752157 0.00541202
2458897.6916354238 1.00240627 0.00541202
2458897.6917405538 0.99252701 0.00541202
2458897.6918453029 0.99007937 0.00541202
2458897.6919499873 0.97968416 0.00541202
2458897.6920546438 0.98855788 0.00541202
2458897.6921592006 0.98249871 0.00541202
2458897.6922638332 0.96874784 0.00541202
2458897.6923687360 0.98657711 0.00541202
2458897.6924734018 0.99801441 0.00541202
2458897.6925781444 1.01853407 0.00541202
2458897.6926829158 1.00511769 0.00541202
2458897.6927876179 0.99439854 0.00541202
2458897.6928926460 0.99888605 0.00541202
2458897.6929974006 1.01776914 0.00541202
2458897.6931021912 1.02325821 0.00541202
2458897.6932067941 0.99801591 0.00541202
2458897.6933119558 0.99158484 0.00541202
2458897.6934167044 1.00654779 0.00541202
2458897.6935214270 1.00075719 0.00541202
2458897.6936262143 1.00097723 0.00541202
2458897.6937310877 0.99608055 0.00541202
2458897.6938367370 0.97635332 0.00541202
2458897.6939416686 1.00394379 0.00541202
2458897.6940464848 1.00568757 0.00541202
2458897.6941512944 1.00749454 0.00541202
2458897.6942560407 1.00496203 0.00541202
2458897.6943607605 1.00227202 0.00541202
2458897.6944661126 1.01094801 0.00541202
2458897.6945708496 1.00238323 0.00541202
2458897.6946756858 1.00995371 0.00541202
2458897.6947805076 1.00211751 0.00541202
2458897.6948852264 1.01432864 0.00541202
2458897.6949899751 1.02212497 0.00541202
2458897.6950946911 1.01739186 0.00541202
2458897.6951994495 1.01084973 0.00541202
2458897.6953041609 0.99803348 0.00541202
2458897.6954090470 1.01690531 0.00541202
2458897.6955138110 1.00487539 0.00541202
2458897.6956187100 1.00115617 0.00541202
2458897.6957234242 0.99594416 0.00541202
2458897.6958287670 0.99757193 0.00541202
2458897.6959335306 1.00071157 0.00541202
2458897.6960386424 0.98262649 0.00541202
2458897.6961438921 0.99874254 0.00541202
2458897.6962487027 0.99708461 0.00541202
2458897.6963535948 0.99155123 0.00541202
2458897.6964583150 1.00846926 0.00541202
2458897.6965629342 1.00346736 0.00541202
2458897.6966677224 1.00175257 0.00541202
2458897.6967724767 0.99461662 0.00541202
2458897.6968772383 1.00313461 0.00541202
2458897.6969821313 0.98737112 0.00541202
2458897.6970868963 0.98578012 0.00541202
2458897.6971916496 1.00139597 0.00541202
2458897.6972964043 1.00934201 0.00541202
2458897.6974011874 1.00568514 0.00541202
2458897.6975057982 1.00217782 0.00541202
2458897.6976106036 1.00182814 0.00541202
2458897.6977154338 1.00632029 0.00541202
2458897.6978201130 0.99527815 0.00541202
2458897.6979248272 0.99563256 0.00541202
2458897.6980295875 0.99940596 0.00541202
2458897.6981343264 0.99706468 0.00541202
2458897.6982390829 1.00151286 0.00541202
2458897.6983438567 1.00942836 0.00541202
2458897.6984486110 1.00766365 0.00541202
2458897.6985536651 0.99879787 0.00541202
2458897.6986584952 1.00062674 0.00541202
2458897.6987633663 1.00580666 0.00541202
2458897.6988681681 0.99815510 0.00541202
2458897.6989729083 1.00326040 0.00541202
2458897.6990777198 0.99699005 0.00541202
2458897.6991825183 0.99677219 0.00541202
2458897.6992873405 0.99909542 0.00541202
2458897.6993920961 0.99944643 0.00541202
2458897.6994970157 1.00008633 0.00541202
2458897.6996017885 0.99823243 0.00541202
2458897.6997064827 1.00388746 0.00541202
2458897.6998112313 0.99992886 0.00541202
2458897.6999159870 0.99604722 0.00541202
2458897.7000207775 0.99783789 0.00541202
2458897.7001256119 1.01121849 0.00541202
2458897.7002304425 1.00582511 0.00541202
2458897.7003351781 0.99830968 0.00541202
2458897.7004400291 0.99986320 0.00541202
2458897.7005447806 0.99737761 0.00541202
2458897.7006500303 1.01029885 0.00541202
2458897.7007548581 1.00614190 0.00541202
2458897.7008596901 1.00174634 0.00541202
2458897.7009644960 1.00128977 0.00541202
2458897.7010692894 1.00322394 0.00541202
2458897.7011740021 1.00358843 0.00541202
2458897.7012787163 1.00087318 0.00541202
2458897.7013835586 0.99721880 0.00541202
2458897.7014884907 1.00065829 0.00541202
2458897.7015932393 1.00201157 0.00541202
2458897.7016980178 1.00305427 0.00541202
2458897.7018025890 1.00474131 0.00541202
2458897.7019071933 1.00376860 0.00541202
2458897.7020121049 0.99969128 0.00541202
2458897.7021169122 0.99785834 0.00541202
2458897.7022218090 0.99772236 0.00541202
2458897.7023266242 1.00043383 0.00541202
2458897.7024313854 0.99840038 0.00541202
2458897.7025361103 0.99734301 0.00541202
2458897.7026408087 0.99272801 0.00541202
2458897.7027456169 0.99883071 0.00541202
2458897.7028503763 1.00142340 0.00541202
2458897.7029552110 0.99897567 0.00541202
2458897.7030599578 0.99857031 0.00541202
2458897.7031655610 0.99768640 0.00541202
2458897.7032702966 1.00253336 0.00541202
2458897.7033750908 1.00422978 0.00541202
2458897.7034798716 1.00556610 0.00541202
2458897.7035846263 0.99417224 0.00541202
2458897.7036894034 0.99764641 0.00541202
2458897.7037941609 0.99688180 0.00541202
2458897.7038992946 1.00635533 0.00541202
2458897.7040041378 0.99512057 0.00541202
2458897.7041088585 0.99998153 0.00541202
2458897.7042143182 1.00180268 0.00541202
2458897.7043190780 1.00105590 0.00541202
2458897.7044241824 1.00266552 0.00541202
2458897.7045289646 0.99580202 0.00541202
2458897.7046338813 1.00296157 0.00541202
2458897.7047387268 1.00284926 0.00541202
2458897.7048434145 1.00169502 0.00541202
2458897.7049480877 1.00692162 0.00541202
2458897.7050529467 1.00443979 0.00541202
2458897.7051576157 1.00260419 0.00541202
2458897.7052623108 0.99868175 0.00541202
2458897.7053670548 1.00025791 0.00541202
2458897.7054716260 1.00003995 0.00541202
2458897.7055762308 0.99358822 0.00541202
2458897.7056808900 1.00150360 0.00541202
2458897.7057855618 0.99945143 0.00541202
2458897.7058912292 1.00799163 0.00541202
2458897.7059963965 0.99221927 0.00541202
2458897.7061013943 0.99439461 0.00541202
2458897.7062062384 1.00063192 0.00541202
2458897.7063110848 0.99937623 0.00541202
2458897.7064159340 0.99937412 0.00541202
2458897.7065207236 0.99441248 0.00541202
2458897.7066255221 1.00555089 0.00541202
2458897.7067303499 1.00425264 0.00541202
2458897.7068351079 1.00311698 0.00541202
2458897.7069399403 1.00206264 0.00541202
2458897.7070446624 1.00325727 0.00541202
2458897.7071493687 1.00085334 0.00541202
2458897.7072541160 0.99731583 0.00541202
2458897.7073589093 0.99946923 0.00541202
2458897.7074636654 1.00213536 0.00541202
2458897.7075683335 1.00705275 0.00541202
2458897.7076731850 0.99863614 0.00541202
2458897.7077779127 0.99408136 0.00541202
2458897.7078831014 0.99624411 0.00541202
2458897.7079878547 1.00580148 0.00541202
2458897.7080920013 1.00281193 0.00541202
2458897.7081968389 1.00252481 0.00541202
2458897.7083016927 1.00284626 0.00541202
2458897.7084065187 0.99556857 0.00541202
2458897.7085113400 0.99808504 0.00541202
2458897.7086162334 1.00506777 0.00541202
2458897.7087216503 1.00131857 0.00541202
2458897.7088264534 0.99291042 0.00541202
2458897.7089312277 0.99824862 0.00541202
2458897.7090359135 1.00185997 0.00541202
2458897.7091413401 0.99641140 0.00541202
2458897.7092460054 1.00147101 0.00541202
2458897.7093507778 1.00656384 0.00541202
2458897.7094554380 1.00066250 0.00541202
2458897.7095602774 1.00115891 0.00541202
2458897.7096650871 1.00554336 0.00541202
2458897.7097698194 1.00412329 0.00541202
2458897.7098747077 1.00558775 0.00541202
2458897.7099794317 0.99854009 0.00541202
2458897.7100842642 0.99448049 0.00541202
2458897.7101888992 1.00022261 0.00541202
2458897.7102936963 1.00236555 0.00541202
2458897.7103985506 1.00560516 0.00541202
2458897.7105033784 1.00785690 0.00541202
2458897.7106081857 0.99892906 0.00541202
2458897.7107130927 0.99857790 0.00541202
2458897.7108178851 0.99872654 0.00541202
2458897.7109228345 0.99848304 0.00541202
2458897.7110275156 1.00192912 0.00541202
2458897.7111326531 1.00073897 0.00541202
2458897.7112379577 0.99532401 0.00541202
2458897.7113426486 0.99908303 0.00541202
2458897.7114474750 1.00269367 0.00541202
2458897.7115517980 0.99598821 0.00541202
2458897.7116566603 1.00413611 0.00541202
2458897.7117613303 0.99530172 0.00541202
2458897.7118661054 1.00268545 0.00541202
2458897.7119709048 0.99727535 0.00541202
2458897.7120757117 1.00135489 0.00541202
2458897.7121803118 0.99973839 0.00541202
2458897.7122851992 1.00656327 0.00541202
2458897.7123900675 1.00099039 0.00541202
2458897.7124947393 1.00417978 0.00541202
2458897.7125993655 1.00830139 0.00541202
2458897.7127041817 0.99543931 0.00541202
2458897.7128090155 0.99896560 0.00541202
2458897.7129136920 0.99782682 0.00541202
2458897.7130185924 0.99947688 0.00541202
2458897.7131233169 1.00275367 0.00541202
2458897.7132280017 0.99285304 0.00541202
2458897.7133328337 0.99850548 0.00541202
2458897.7134376429 0.99344264 0.00541202
2458897.7135423585 0.99980136 0.00541202
2458897.7136470899 0.99365080 0.00541202
2458897.7137519740 0.99501487 0.00541202
2458897.7138567558 0.99954134 0.00541202
2458897.7139615468 1.00128182 0.00541202
2458897.7140665562 0.99608146 0.00541202
2458897.7141712583 0.99616676 0.00541202
2458897.7142760758 0.99169221 0.00541202
2458897.7143810801 0.99619495 0.00541202
2458897.7144858879 1.00327449 0.00541202
2458897.7145905229 0.99945544 0.00541202
2458897.7146953447 0.99740772 0.00541202
2458897.7148001892 0.99427183 0.00541202
2458897.7149051409 0.99552131 0.00541202
2458897.7150098323 0.99740677 0.00541202
2458897.7151144580 0.99601267 0.00541202
2458897.7152194194 0.99970391 0.00541202
2458897.7153242710 0.98801351 0.00541202
2458897.7154289135 0.97963366 0.00541202
2458897.7155336742 0.99676762 0.00541202
