2459332.3539587935 0.99812241 0.01204026
2459332.3541440638 0.99982077 0.01204026
2459332.3543294240 0.99733177 0.01204026
2459332.3545147418 0.99988813 0.01204026
2459332.3546999390 1.00008856 0.01204026
2459332.3548850869 0.99840662 0.01204026
2459332.3550703134 1.00074971 0.01204026
2459332.3552555777 0.99895654 0.01204026
2459332.3554408201 1.00020884 0.01204026
2459332.3556258548 0.99920037 0.01204026
2459332.3558111028 0.99870687 0.01204026
2459332.3559961901 1.00126922 0.01204026
2459332.3561814264 1.00079909 0.01204026
2459332.3566155783 0.99682892 0.01204026
2459332.3567429548 0.99878421 0.01204026
2459332.3568704310 0.99888096 0.01204026
2459332.3569983263 0.99909902 0.01204026
2459332.3571259021 0.99951430 0.01204026
2459332.3572533955 1.00095311 0.01204026
2459332.3573810165 1.00009228 0.01204026
2459332.3575085681 1.00095257 0.01204026
2459332.3576360615 0.99953494 0.01204026
2459332.3577639926 1.00257003 0.01204026
2459332.3578915959 1.00025743 0.01204026
2459332.3580191410 0.99911501 0.01204026
2459332.3581465166 0.99823289 0.01204026
2459332.3582740994 0.99653799 0.01204026
2459332.3584015942 0.99994616 0.01204026
2459332.3585289782 1.00078557 0.01204026
2459332.3586562313 1.00127324 0.01204026
2459332.3587837378 0.99903008 0.01204026
2459332.3589110100 0.99814347 0.01204026
2459332.3590386761 0.99867525 0.01204026
2459332.3591662464 1.00060690 0.01204026
2459332.3592935852 0.99918520 0.01204026
2459332.3594213957 1.00120652 0.01204026
2459332.3595488505 0.99939863 0.01204026
2459332.3596762312 1.00055522 0.01204026
2459332.3598040328 1.00169555 0.01204026
2459332.3599312445 0.99966399 0.01204026
2459332.3600587077 1.00121880 0.01204026
2459332.3601860963 1.00070620 0.01204026
2459332.3603131967 0.99956325 0.01204026
2459332.3604406300 1.00020149 0.01204026
2459332.3605680349 0.99997660 0.01204026
2459332.3606954124 1.00062175 0.01204026
2459332.3608228853 1.00005995 0.01204026
2459332.3609501934 0.99805924 0.01204026
2459332.3610782996 0.99599261 0.01204026
2459332.3612057250 0.99676635 0.01204026
2459332.3613331844 1.00040776 0.01204026
2459332.3614610289 1.00130258 0.01204026
2459332.3615884958 0.99683337 0.01204026
2459332.3617159105 1.00200029 0.01204026
2459332.3618437066 0.99990959 0.01204026
2459332.3619712247 1.00440420 0.01204026
2459332.3620986552 1.00798710 0.01204026
2459332.3622260327 0.96331064 0.01204026
2459332.3623543521 0.99006896 0.01204026
2459332.3624819252 1.00199428 0.01204026
2459332.3626090148 1.00297313 0.01204026
2459332.3627377357 0.99494639 0.01204026
2459332.3628651919 1.00103240 0.01204026
2459332.3629926811 1.03513600 0.01204026
2459332.3631201498 1.01146441 0.01204026
2459332.3632476972 0.94844400 0.01204026
2459332.3638851601 0.95948609 0.01204026
2459332.3640126362 0.98599030 0.01204026
2459332.3641401688 0.99761750 0.01204026
2459332.3642676678 0.99566990 0.01204026
2459332.3643950820 0.99985033 0.01204026
2459332.3645225330 1.00134661 0.01204026
2459332.3646499524 0.99826476 0.01204026
2459332.3647795483 0.99638940 0.01204026
2459332.3649070067 0.99958195 0.01204026
2459332.3650343474 1.00327913 0.01204026
2459332.3651620932 0.99879391 0.01204026
2459332.3652895833 1.00012750 0.01204026
2459332.3654171149 1.00227207 0.01204026
2459332.3655453590 1.00069622 0.01204026
2459332.3656727779 1.00105637 0.01204026
2459332.3658002801 0.99771445 0.01204026
2459332.3659276809 0.99790192 0.01204026
2459332.3660549819 0.99813205 0.01204026
2459332.3661825089 0.99742780 0.01204026
2459332.3663100121 1.00157445 0.01204026
2459332.3664379846 1.00251353 0.01204026
2459332.3665653924 1.00100444 0.01204026
2459332.3666927754 0.99650710 0.01204026
2459332.3668206367 1.00096794 0.01204026
2459332.3669480449 0.99774404 0.01204026
2459332.3670754209 1.00288324 0.01204026
2459332.3672031900 0.99947047 0.01204026
2459332.3673305716 0.99606755 0.01204026
2459332.3674580012 0.99999473 0.01204026
2459332.3675853214 1.00058391 0.01204026
2459332.3677127198 1.00243013 0.01204026
2459332.3678401550 0.99733596 0.01204026
2459332.3679675269 1.00214689 0.01204026
2459332.3680967996 1.00273454 0.01204026
2459332.3682242329 1.00201448 0.01204026
2459332.3683516602 0.99655583 0.01204026
2459332.3684796044 1.00316133 0.01204026
2459332.3686071876 0.99745270 0.01204026
2459332.3687345986 1.01902993 0.01204026
2459332.3688620753 1.04712070 0.01204026
2459332.3691171655 0.95568436 0.01204026
2459332.3692454919 1.06174826 0.01204026
2459332.3693730375 0.95147047 0.01204026
2459332.3695002734 1.04001916 0.01204026
2459332.3700102204 1.02455919 0.01204026
2459332.3702651542 0.98820225 0.01204026
2459332.3703925884 1.00190148 0.01204026
2459332.3705203915 1.02241223 0.01204026
2459332.3707748028 0.94667764 0.01204026
2459332.3709022170 0.99140013 0.01204026
2459332.3710298194 1.02756127 0.01204026
2459332.3711572350 0.99829885 0.01204026
2459332.3712847857 1.02576469 0.01204026
2459332.3714121822 0.93576841 0.01204026
2459332.3715396188 1.00784596 0.01204026
2459332.3716673693 1.00767030 0.01204026
2459332.3717948366 0.99000849 0.01204026
2459332.3719221666 1.03453667 0.01204026
2459332.3720496451 0.97989459 0.01204026
2459332.3721771413 1.03507227 0.01204026
2459332.3723042440 0.99052637 0.01204026
2459332.3724314636 1.01467677 0.01204026
2459332.3725591800 0.96668132 0.01204026
2459332.3726866017 1.01070001 0.01204026
2459332.3728141123 0.99997746 0.01204026
2459332.3729414949 0.92717918 0.01204026
2459332.3730690563 1.00478168 0.01204026
2459332.3731965250 0.98788092 0.01204026
2459332.3733243011 0.99275987 0.01204026
2459332.3734518881 0.99153242 0.01204026
2459332.3735794220 0.99946360 0.01204026
2459332.3737070221 1.00067753 0.01204026
2459332.3738346053 1.00017640 0.01204026
2459332.3739621220 1.00029900 0.01204026
2459332.3740895656 1.00678983 0.01204026
2459332.3742169822 0.99546498 0.01204026
2459332.3743444714 0.99219209 0.01204026
2459332.3744718819 1.01469819 0.01204026
2459332.3745998796 1.02536780 0.01204026
2459332.3747270284 0.98559871 0.01204026
2459332.3748544017 0.99991182 0.01204026
2459332.3749814960 1.01248973 0.01204026
2459332.3751085307 0.97521843 0.01204026
2459332.3752365056 0.99255898 0.01204026
2459332.3753644917 1.00196907 0.01204026
2459332.3754919861 0.98226250 0.01204026
2459332.3756192899 0.99530043 0.01204026
2459332.3757469091 0.99769299 0.01204026
2459332.3758741687 0.99938380 0.01204026
2459332.3760016710 1.00437784 0.01204026
2459332.3761287206 1.00599547 0.01204026
2459332.3762561390 1.01729167 0.01204026
2459332.3767668377 0.98254902 0.01204026
2459332.3770225989 0.92900489 0.01204026
2459332.3771500723 0.99905004 0.01204026
2459332.3772774856 1.00104359 0.01204026
2459332.3774049771 1.00859013 0.01204026
2459332.3775321799 0.99895904 0.01204026
2459332.3776596705 0.99873342 0.01204026
2459332.3777871123 0.99440757 0.01204026
2459332.3779144455 1.00120129 0.01204026
2459332.3780418383 0.99588248 0.01204026
2459332.3781692269 0.99886282 0.01204026
2459332.3782967553 0.99870667 0.01204026
2459332.3784242538 0.99810978 0.01204026
2459332.3785514967 1.00155452 0.01204026
2459332.3786807624 0.99810277 0.01204026
2459332.3788082823 1.00062698 0.01204026
2459332.3789357785 0.99799390 0.01204026
2459332.3790652892 0.99939730 0.01204026
2459332.3791926969 0.99679456 0.01204026
2459332.3793201633 1.00323215 0.01204026
2459332.3794473992 1.02322553 0.01204026
2459332.3795749526 1.00048038 0.01204026
2459332.3797025559 0.99217173 0.01204026
2459332.3798300559 0.97118314 0.01204026
2459332.3799573909 1.02180069 0.01204026
2459332.3800848811 0.97321590 0.01204026
2459332.3802123102 0.99231773 0.01204026
2459332.3803403913 0.99803725 0.01204026
2459332.3804677995 0.99798145 0.01204026
2459332.3805953423 0.99663536 0.01204026
2459332.3807228366 0.99746069 0.01204026
2459332.3808503137 0.99245343 0.01204026
2459332.3809777568 1.00130657 0.01204026
2459332.3811055161 0.99393112 0.01204026
2459332.3812331213 0.99614143 0.01204026
2459332.3813605611 0.99530164 0.01204026
2459332.3814881998 0.99491804 0.01204026
2459332.3816159624 0.98920935 0.01204026
2459332.3817435312 0.99866353 0.01204026
2459332.3818709808 0.99927806 0.01204026
2459332.3819984295 0.99680973 0.01204026
2459332.3821257930 0.99798858 0.01204026
2459332.3822532650 0.99684313 0.01204026
2459332.3823809875 0.99857521 0.01204026
2459332.3825084134 1.00540083 0.01204026
2459332.3826357275 0.99517818 0.01204026
2459332.3827648056 0.99783752 0.01204026
2459332.3828923628 0.99631108 0.01204026
2459332.3830198483 0.99830115 0.01204026
2459332.3831472965 0.99887534 0.01204026
2459332.3832747363 0.99464373 0.01204026
2459332.3834021478 1.00144398 0.01204026
2459332.3835302019 0.99974017 0.01204026
2459332.3836591286 1.00159259 0.01204026
2459332.3837860976 1.00137290 0.01204026
2459332.3839134644 1.00563486 0.01204026
2459332.3840410132 1.00514893 0.01204026
2459332.3841684638 1.00289865 0.01204026
2459332.3842958850 1.00486362 0.01204026
2459332.3848051946 0.95301385 0.01204026
2459332.3849325851 1.00445832 0.01204026
2459332.3850600449 0.98528271 0.01204026
2459332.3851875281 1.03041291 0.01204026
2459332.3855702588 0.94648648 0.01204026
2459332.3856976815 0.99677864 0.01204026
2459332.3858251646 0.99528894 0.01204026
2459332.3859525789 0.99584351 0.01204026
2459332.3860801118 0.99920081 0.01204026
2459332.3862075242 0.99887370 0.01204026
2459332.3863349804 1.00674162 0.01204026
2459332.3864622004 0.99808052 0.01204026
2459332.3865896710 0.99850120 0.01204026
2459332.3867171761 0.99656535 0.01204026
2459332.3868458415 0.98321050 0.01204026
2459332.3869733443 0.99019796 0.01204026
2459332.3871007999 0.99399217 0.01204026
2459332.3872286561 0.99777435 0.01204026
2459332.3873559805 0.99467850 0.01204026
2459332.3874834883 1.00178964 0.01204026
2459332.3876114800 0.99759178 0.01204026
2459332.3877388854 1.00166750 0.01204026
2459332.3878662023 0.99448894 0.01204026
2459332.3879936966 0.99703909 0.01204026
2459332.3881215933 0.99647029 0.01204026
2459332.3882490438 0.99630543 0.01204026
2459332.3883766169 0.99691355 0.01204026
2459332.3885044004 0.99667940 0.01204026
2459332.3886318961 0.99746170 0.01204026
2459332.3887591753 0.99679606 0.01204026
2459332.3888868224 0.99809226 0.01204026
2459332.3890142567 0.99666648 0.01204026
2459332.3891417263 0.99558948 0.01204026
2459332.3892695177 0.99443292 0.01204026
2459332.3893971015 0.99751166 0.01204026
2459332.3895245837 0.99755075 0.01204026
2459332.3896519467 0.99617459 0.01204026
2459332.3897790303 0.99965891 0.01204026
2459332.3899064558 0.99704913 0.01204026
2459332.3900336963 0.99669134 0.01204026
2459332.3901611306 0.99647849 0.01204026
2459332.3902884522 1.00004954 0.01204026
2459332.3904156848 0.99426593 0.01204026
2459332.3905442045 0.99830414 0.01204026
2459332.3906716798 1.00356379 0.01204026
2459332.3907990959 0.99827275 0.01204026
2459332.3909267569 1.00278493 0.01204026
2459332.3910540105 0.99724089 0.01204026
2459332.3911814545 0.99269851 0.01204026
2459332.3913090643 0.99511555 0.01204026
2459332.3914374337 1.04127025 0.01204026
2459332.3915649024 0.94972117 0.01204026
2459332.3916923362 0.98011119 0.01204026
2459332.3918200461 1.01096446 0.01204026
2459332.3919475167 0.98244255 0.01204026
2459332.3920749668 0.99845165 0.01204026
2459332.3922023829 1.11366909 0.01204026
2459332.3923298265 0.98060103 0.01204026
2459332.3924573157 1.01457970 0.01204026
2459332.3925849185 0.96493001 0.01204026
2459332.3927123849 1.01258778 0.01204026
2459332.3928398164 0.93663642 0.01204026
2459332.3929678933 1.00825642 0.01204026
2459332.3930953196 0.98607319 0.01204026
2459332.3932227935 0.97916308 0.01204026
2459332.3933504033 1.00314593 0.01204026
2459332.3934791628 0.99409228 0.01204026
2459332.3936066688 0.99597902 0.01204026
2459332.3937341487 0.99507932 0.01204026
2459332.3938616705 0.99663709 0.01204026
2459332.3939892254 0.99019838 0.01204026
2459332.3941167011 1.00638307 0.01204026
2459332.3942438480 0.98920979 0.01204026
2459332.3943713023 0.99399461 0.01204026
2459332.3944988218 0.99035849 0.01204026
2459332.3946268982 0.99731235 0.01204026
2459332.3947550063 0.99845714 0.01204026
2459332.3948833519 1.02074783 0.01204026
2459332.3950121016 0.97417449 0.01204026
2459332.3951395475 0.99055990 0.01204026
2459332.3952669776 0.99976481 0.01204026
2459332.3953949981 1.04673354 0.01204026
2459332.3955221088 0.96156803 0.01204026
2459332.3956495454 1.04239018 0.01204026
2459332.3957770662 0.99984733 0.01204026
2459332.3959051738 1.00723094 0.01204026
2459332.3960324149 0.95651132 0.01204026
2459332.3961598771 0.99774748 0.01204026
2459332.3962872177 0.97499011 0.01204026
2459332.3964146865 0.99430243 0.01204026
2459332.3965421715 0.99215453 0.01204026
2459332.3966715368 1.00040810 0.01204026
2459332.3967990354 0.99565775 0.01204026
2459332.3969262657 0.99396339 0.01204026
2459332.3970536632 1.00262214 0.01204026
2459332.3971811933 0.99900066 0.01204026
2459332.3973086867 0.98055602 0.01204026
2459332.3974367459 0.99309857 0.01204026
2459332.3975641974 0.98057632 0.01204026
2459332.3976916112 0.99795647 0.01204026
2459332.3978190417 0.99883046 0.01204026
2459332.3979468998 0.99516247 0.01204026
2459332.3980742954 0.98526051 0.01204026
2459332.3982018372 0.99187710 0.01204026
2459332.3983292580 0.99879410 0.01204026
2459332.3984566880 0.99702546 0.01204026
2459332.3985841870 1.00434426 0.01204026
2459332.3987116967 0.99207207 0.01204026
2459332.3988391762 1.02386983 0.01204026
2459332.3989666370 1.00002111 0.01204026
2459332.3990937402 0.97105576 0.01204026
2459332.3992207521 0.99315304 0.01204026
2459332.3993482240 0.99158807 0.01204026
2459332.3994756732 0.99563091 0.01204026
2459332.3996031401 0.99909680 0.01204026
2459332.3997305664 0.99880060 0.01204026
2459332.3998579797 1.00611567 0.01204026
2459332.3999852617 0.99193823 0.01204026
2459332.4001127398 1.01206446 0.01204026
2459332.4002401782 0.99532854 0.01204026
2459332.4003678849 0.97874694 0.01204026
2459332.4004951315 0.99958936 0.01204026
2459332.4006226151 0.99681319 0.01204026
2459332.4007501407 1.02898662 0.01204026
2459332.4008777211 0.96598664 0.01204026
2459332.4010052742 1.02026485 0.01204026
2459332.4011326535 0.97347844 0.01204026
2459332.4012597674 0.98288789 0.01204026
2459332.4013872095 1.00487649 0.01204026
2459332.4015146215 0.98767166 0.01204026
2459332.4016420166 0.98560640 0.01204026
2459332.4017693717 0.99503444 0.01204026
2459332.4018968986 0.99549020 0.01204026
2459332.4020243417 0.98649910 0.01204026
2459332.4021517439 0.99646421 0.01204026
2459332.4022789346 0.99360564 0.01204026
2459332.4024062520 0.99169493 0.01204026
2459332.4025337421 1.00801654 0.01204026
2459332.4026612085 0.99554789 0.01204026
2459332.4027886372 0.99171204 0.01204026
2459332.4029161199 0.97166217 0.01204026
2459332.4030436263 0.99954154 0.01204026
2459332.4031713670 0.99879639 0.01204026
2459332.4032988683 0.99239262 0.01204026
2459332.4034264968 0.98406584 0.01204026
2459332.4035539310 1.00421847 0.01204026
2459332.4038089192 0.94697800 0.01204026
2459332.4039364737 1.00120715 0.01204026
2459332.4040640835 0.99860661 0.01204026
2459332.4041914754 1.00010708 0.01204026
2459332.4043189231 1.00399541 0.01204026
2459332.4044463648 0.98169846 0.01204026
2459332.4045738964 0.99959890 0.01204026
2459332.4047013433 0.99985723 0.01204026
2459332.4048287747 1.00641029 0.01204026
2459332.4049562067 1.00703884 0.01204026
2459332.4050837019 1.00522189 0.01204026
2459332.4052111930 0.97669174 0.01204026
2459332.4053386152 0.97941031 0.01204026
2459332.4054660257 0.99758248 0.01204026
2459332.4055934083 0.97865700 0.01204026
2459332.4057207126 0.99352723 0.01204026
2459332.4058482358 0.99910491 0.01204026
2459332.4059754843 1.00821546 0.01204026
2459332.4061026475 0.99380449 0.01204026
2459332.4062301312 1.02421754 0.01204026
2459332.4063576446 1.02217354 0.01204026
2459332.4064864046 0.97406121 0.01204026
2459332.4066138892 0.99805753 0.01204026
2459332.4067413621 0.99669798 0.01204026
2459332.4068687456 0.98496903 0.01204026
2459332.4069962157 1.00761101 0.01204026
2459332.4071236718 0.98618793 0.01204026
2459332.4072511396 0.99719234 0.01204026
2459332.4073785637 0.99503517 0.01204026
2459332.4075060105 0.99797800 0.01204026
2459332.4076334722 0.99820111 0.01204026
2459332.4077610509 0.99522426 0.01204026
2459332.4078885382 0.99602568 0.01204026
2459332.4080158761 1.00096836 0.01204026
2459332.4081452098 0.99345947 0.01204026
2459332.4082725937 1.02149158 0.01204026
2459332.4084000248 1.00151217 0.01204026
2459332.4085272849 0.94463929 0.01204026
2459332.4086548039 0.98800517 0.01204026
2459332.4087822763 0.99631765 0.01204026
2459332.4089096407 0.99350483 0.01204026
2459332.4090372710 1.00121363 0.01204026
2459332.4091646839 0.99599249 0.01204026
2459332.4092921144 0.99823725 0.01204026
2459332.4094195296 1.00682452 0.01204026
2459332.4095470360 0.98318220 0.01204026
2459332.4096747064 0.96927012 0.01204026
2459332.4098022617 1.01258911 0.01204026
2459332.4100572634 0.96933853 0.01204026
2459332.4101847750 0.97111853 0.01204026
2459332.4103121883 1.00409139 0.01204026
2459332.4104396808 0.97317283 0.01204026
2459332.4105671407 0.99034462 0.01204026
2459332.4106946616 1.00318184 0.01204026
2459332.4108222080 0.98794653 0.01204026
2459332.4109495245 0.99366744 0.01204026
2459332.4110769993 1.00408450 0.01204026
2459332.4112047944 0.96005977 0.01204026
2459332.4113323046 1.01066490 0.01204026
2459332.4114597952 1.04893883 0.01204026
2459332.4115874032 0.96597178 0.01204026
2459332.4119701008 1.01455060 0.01204026
2459332.4120975165 1.02632391 0.01204026
2459332.4122247109 1.00344861 0.01204026
2459332.4123522262 0.99569356 0.01204026
2459332.4124797625 0.99596835 0.01204026
2459332.4126072321 1.01975225 0.01204026
2459332.4127347227 1.00986571 0.01204026
2459332.4132468137 0.99550100 0.01204026
2459332.4133742778 0.95341611 0.01204026
2459332.4135015425 0.99269001 0.01204026
2459332.4136290131 0.96596351 0.01204026
2459332.4137564250 1.00599583 0.01204026
2459332.4138838151 0.98392507 0.01204026
2459332.4140112461 1.00812460 0.01204026
2459332.4141387166 0.99061402 0.01204026
2459332.4142675619 0.97430334 0.01204026
2459332.4143950986 1.00944615 0.01204026
2459332.4145226027 1.00640994 0.01204026
2459332.4146500737 0.96832595 0.01204026
2459332.4147775895 0.98120965 0.01204026
2459332.4149049954 1.02519348 0.01204026
2459332.4150324780 0.97481994 0.01204026
2459332.4151599617 0.98952817 0.01204026
2459332.4152874225 1.00161903 0.01204026
2459332.4154149746 1.01244083 0.01204026
2459332.4155424773 0.98693045 0.01204026
2459332.4156700727 1.00241061 0.01204026
2459332.4157971977 1.00870475 0.01204026
2459332.4159250697 0.98377516 0.01204026
2459332.4160521952 1.01145000 0.01204026
2459332.4161797008 0.97722060 0.01204026
2459332.4163072924 0.98661321 0.01204026
2459332.4173271623 0.99876955 0.01204026
2459332.4174544234 0.99439957 0.01204026
2459332.4188564341 0.99686014 0.01204026
2459332.4189839354 0.99911278 0.01204026
2459332.4191114530 0.99748172 0.01204026
2459332.4192389697 0.99658001 0.01204026
2459332.4193668030 0.99721442 0.01204026
2459332.4194942690 0.99757288 0.01204026
2459332.4196217163 0.99765184 0.01204026
2459332.4197491566 0.99523508 0.01204026
2459332.4198765773 0.99793691 0.01204026
2459332.4200038989 0.99712849 0.01204026
2459332.4201313872 0.99534966 0.01204026
2459332.4202590068 0.99341130 0.01204026
2459332.4203866236 0.99488909 0.01204026
2459332.4205140295 0.99949195 0.01204026
2459332.4206414828 0.99488811 0.01204026
2459332.4207693040 0.99809131 0.01204026
2459332.4208964617 0.99476849 0.01204026
2459332.4210239626 0.99534022 0.01204026
2459332.4211519491 1.00037029 0.01204026
2459332.4212796022 1.00060146 0.01204026
2459332.4214070369 0.99937804 0.01204026
2459332.4215343590 0.99566259 0.01204026
2459332.4216618198 0.99624792 0.01204026
2459332.4217892541 0.99636219 0.01204026
2459332.4219167228 0.99548165 0.01204026
2459332.4220443177 0.99342504 0.01204026
2459332.4221719103 0.99607575 0.01204026
2459332.4222990167 0.99812361 0.01204026
2459332.4224266368 0.99674822 0.01204026
2459332.4225540939 0.99031377 0.01204026
2459332.4226816036 0.99709882 0.01204026
2459332.4228095557 0.99671891 0.01204026
2459332.4229380600 0.99603717 0.01204026
2459332.4230655828 0.99375014 0.01204026
2459332.4231931348 0.99807131 0.01204026
2459332.4233206878 0.99126008 0.01204026
2459332.4234480546 0.99597658 0.01204026
2459332.4235756444 0.99413184 0.01204026
2459332.4237034372 0.99254792 0.01204026
2459332.4238307537 0.99592868 0.01204026
2459332.4239582680 0.99523700 0.01204026
2459332.4240854192 0.99473977 0.01204026
2459332.4242129936 0.99491536 0.01204026
2459332.4243405089 0.99503589 0.01204026
2459332.4244681108 0.99720377 0.01204026
2459332.4245955581 0.99959429 0.01204026
2459332.4247229681 0.99724259 0.01204026
2459332.4248503703 0.99910305 0.01204026
2459332.4249777920 0.99724975 0.01204026
2459332.4251047657 0.99935256 0.01204026
2459332.4252322754 0.99652248 0.01204026
2459332.4253601208 0.99385777 0.01204026
2459332.4254877004 0.99797601 0.01204026
2459332.4256153265 1.00005729 0.01204026
2459332.4257439277 0.99892671 0.01204026
2459332.4258714789 0.99285557 0.01204026
2459332.4259990915 0.99905279 0.01204026
2459332.4261262896 0.99829521 0.01204026
2459332.4262538427 0.98973262 0.01204026
2459332.4263812383 0.99462724 0.01204026
2459332.4265091512 0.99781458 0.01204026
2459332.4266366079 0.99712282 0.01204026
2459332.4267639862 0.99688463 0.01204026
2459332.4268920580 0.99255047 0.01204026
2459332.4270194722 0.99639322 0.01204026
2459332.4271470094 0.99595375 0.01204026
2459332.4272745624 0.99685721 0.01204026
2459332.4274021559 0.99664866 0.01204026
2459332.4275297229 0.99610304 0.01204026
2459332.4276573029 0.99543185 0.01204026
2459332.4277847079 0.99550700 0.01204026
2459332.4279120844 0.99500702 0.01204026
2459332.4280395261 0.99561627 0.01204026
2459332.4281676058 0.99394580 0.01204026
2459332.4282951220 1.00019999 0.01204026
2459332.4284226508 0.99789911 0.01204026
2459332.4285503072 0.99567460 0.01204026
2459332.4286777098 0.99414309 0.01204026
2459332.4288052437 0.99839393 0.01204026
2459332.4289337774 0.99490422 0.01204026
2459332.4290613164 0.99365756 0.01204026
2459332.4291888028 0.99717403 0.01204026
2459332.4293162520 0.99957920 0.01204026
2459332.4294439992 0.99847526 0.01204026
2459332.4295715634 0.99420399 0.01204026
2459332.4296990503 0.99537437 0.01204026
2459332.4298263295 0.99651003 0.01204026
2459332.4299537088 0.99876263 0.01204026
2459332.4300811752 0.99488812 0.01204026
2459332.4302086728 0.99679108 0.01204026
2459332.4303362137 0.99404813 0.01204026
2459332.4304636517 0.99586353 0.01204026
2459332.4305917285 0.99936095 0.01204026
2459332.4307191004 0.99451077 0.01204026
2459332.4308464886 0.99829215 0.01204026
2459332.4309740332 0.99578095 0.01204026
2459332.4311014311 0.99563093 0.01204026
2459332.4312289334 0.99430526 0.01204026
2459332.4313562047 0.99572858 0.01204026
2459332.4314843295 0.99648649 0.01204026
2459332.4316118392 0.99537785 0.01204026
2459332.4317392725 0.99524497 0.01204026
2459332.4318666104 0.99462301 0.01204026
2459332.4319936074 0.99588248 0.01204026
2459332.4321210897 0.99628341 0.01204026
2459332.4322487176 0.99510967 0.01204026
2459332.4323762674 0.99633170 0.01204026
2459332.4325037631 0.99711207 0.01204026
2459332.4326313757 0.99708774 0.01204026
2459332.4327603644 1.00027790 0.01204026
2459332.4328879029 0.99817451 0.01204026
2459332.4330153503 0.99743934 0.01204026
2459332.4331428921 0.99513143 0.01204026
2459332.4332703431 0.99948231 0.01204026
2459332.4333977336 0.99607497 0.01204026
2459332.4335260871 0.99398502 0.01204026
2459332.4336536024 0.99380067 0.01204026
2459332.4337811107 0.99610492 0.01204026
2459332.4339095945 0.99233374 0.01204026
2459332.4340371192 0.99775694 0.01204026
2459332.4341645478 0.99565243 0.01204026
2459332.4342920259 0.99527296 0.01204026
2459332.4344194843 0.99693050 0.01204026
2459332.4345469377 0.99714023 0.01204026
2459332.4346744544 0.99205925 0.01204026
2459332.4348038603 0.99291441 0.01204026
2459332.4349310775 0.99706028 0.01204026
2459332.4350584662 0.99665807 0.01204026
2459332.4351866026 0.99417135 0.01204026
2459332.4353140895 0.99082439 0.01204026
2459332.4354415587 0.99499206 0.01204026
2459332.4355691071 0.99380425 0.01204026
2459332.4356965544 0.99195202 0.01204026
2459332.4358239681 0.99058716 0.01204026
2459332.4359511966 0.99607637 0.01204026
2459332.4360787841 0.99820939 0.01204026
2459332.4362060963 0.99682790 0.01204026
2459332.4363341592 0.99875669 0.01204026
2459332.4364616154 0.99743206 0.01204026
2459332.4365890608 1.00021417 0.01204026
2459332.4367171233 0.99203455 0.01204026
2459332.4368443838 0.99654694 0.01204026
2459332.4369721795 0.99514251 0.01204026
2459332.4370997078 1.00075471 0.01204026
2459332.4372280794 0.99716767 0.01204026
2459332.4373555542 0.99741609 0.01204026
2459332.4374828995 0.99540297 0.01204026
2459332.4376103072 0.99496631 0.01204026
2459332.4377377392 0.99499588 0.01204026
2459332.4378653169 0.99510052 0.01204026
2459332.4379927535 0.99490216 0.01204026
2459332.4381202371 0.99402562 0.01204026
2459332.4382478059 0.99558047 0.01204026
2459332.4383761184 0.99938796 0.01204026
2459332.4385031774 0.99846090 0.01204026
2459332.4386306927 0.99609783 0.01204026
2459332.4387586201 0.99641988 0.01204026
2459332.4388860874 0.99488795 0.01204026
2459332.4390137214 0.99577652 0.01204026
2459332.4391411799 0.99739376 0.01204026
2459332.4392684763 0.99685943 0.01204026
2459332.4393960466 0.99807899 0.01204026
2459332.4395235511 0.99595910 0.01204026
2459332.4396510627 0.99654841 0.01204026
2459332.4397785682 0.99571094 0.01204026
2459332.4399060863 0.99773265 0.01204026
2459332.4400355108 0.99726346 0.01204026
2459332.4401631220 0.99925805 0.01204026
2459332.4402905353 0.99742402 0.01204026
2459332.4404177940 0.99681893 0.01204026
2459332.4405461717 0.99561394 0.01204026
2459332.4406736889 0.99634185 0.01204026
2459332.4408018496 0.99701464 0.01204026
2459332.4409296410 0.99811518 0.01204026
2459332.4410571558 0.99791233 0.01204026
2459332.4411844313 0.99798732 0.01204026
2459332.4413119564 0.99472258 0.01204026
2459332.4414394586 0.99550380 0.01204026
2459332.4415665334 0.99577505 0.01204026
2459332.4416940720 0.99957825 0.01204026
2459332.4418215570 0.99819845 0.01204026
2459332.4419489880 0.99303950 0.01204026
2459332.4420765322 1.00041871 0.01204026
2459332.4422039832 0.99888354 0.01204026
2459332.4423315087 0.99610592 0.01204026
2459332.4424595684 0.99738843 0.01204026
2459332.4425872052 0.99636161 0.01204026
2459332.4427147401 0.99416960 0.01204026
2459332.4428421846 0.99619278 0.01204026
2459332.4429697492 0.99302004 0.01204026
2459332.4430971364 0.99405673 0.01204026
2459332.4432246769 0.99556402 0.01204026
2459332.4433521419 0.99548866 0.01204026
2459332.4434798225 0.99385646 0.01204026
2459332.4436073885 0.99620547 0.01204026
2459332.4437348116 0.99641688 0.01204026
2459332.4438623381 0.99676451 0.01204026
2459332.4439898855 0.99475839 0.01204026
2459332.4441179824 0.99379478 0.01204026
2459332.4442453487 0.99576020 0.01204026
2459332.4443728044 0.99951102 0.01204026
2459332.4445003946 0.99267765 0.01204026
2459332.4446279276 0.99581482 0.01204026
2459332.4447554001 0.99589457 0.01204026
2459332.4448829084 0.99412567 0.01204026
2459332.4450108157 0.99718641 0.01204026
2459332.4451383087 0.99888224 0.01204026
2459332.4452659050 1.00123304 0.01204026
2459332.4453932475 0.99728986 0.01204026
2459332.4455207572 0.99370474 0.01204026
2459332.4456482744 0.99958212 0.01204026
2459332.4457760402 0.99432200 0.01204026
2459332.4459038828 0.99856366 0.01204026
2459332.4460314009 0.99189327 0.01204026
2459332.4461588948 0.99956586 0.01204026
2459332.4462883957 0.99441675 0.01204026
2459332.4464158970 0.99615031 0.01204026
2459332.4465435883 0.99876551 0.01204026
2459332.4466710822 0.99437169 0.01204026
2459332.4467985779 0.99585354 0.01204026
2459332.4469260746 0.99614534 0.01204026
2459332.4470534264 0.99705824 0.01204026
2459332.4471809845 0.99677556 0.01204026
2459332.4473085920 0.99534224 0.01204026
2459332.4474359499 0.99964732 0.01204026
2459332.4475634121 0.99649089 0.01204026
2459332.4476907849 0.99073233 0.01204026
2459332.4478186462 0.99504710 0.01204026
2459332.4479462504 0.99116727 0.01204026
2459332.4480737229 0.99812315 0.01204026
2459332.4482011390 0.99815064 0.01204026
2459332.4483292801 0.99602440 0.01204026
2459332.4484567824 0.99388642 0.01204026
2459332.4485847363 0.99764309 0.01204026
2459332.4487125254 0.99954309 0.01204026
2459332.4488400184 0.99501440 0.01204026
2459332.4489674903 0.99296831 0.01204026
2459332.4490949539 0.99573705 0.01204026
2459332.4492224911 0.99805764 0.01204026
2459332.4493499412 0.99487166 0.01204026
2459332.4494776074 0.99673761 0.01204026
2459332.4496052358 0.99357167 0.01204026
2459332.4497327767 0.99462769 0.01204026
2459332.4498605411 0.99633223 0.01204026
2459332.4499881631 0.99273122 0.01204026
2459332.4501156532 0.99922654 0.01204026
2459332.4502430279 0.99433380 0.01204026
2459332.4503706112 0.99995833 0.01204026
2459332.4504981022 0.99449843 0.01204026
2459332.4506252618 0.99718147 0.01204026
2459332.4507530034 0.99685086 0.01204026
2459332.4508805401 0.99610411 0.01204026
2459332.4510080735 0.99418435 0.01204026
2459332.4511357411 0.99967889 0.01204026
2459332.4512632564 0.99844338 0.01204026
2459332.4513907209 0.99305767 0.01204026
2459332.4515180816 0.99647518 0.01204026
2459332.4516454889 0.99775380 0.01204026
2459332.4517729245 0.99835839 0.01204026
2459332.4519003765 0.99663880 0.01204026
2459332.4520278559 0.99893308 0.01204026
2459332.4521550019 1.00077453 0.01204026
2459332.4522824795 1.00040076 0.01204026
2459332.4524098863 0.99639103 0.01204026
2459332.4525374500 0.99531702 0.01204026
2459332.4526652037 0.99600195 0.01204026
2459332.4527928089 0.99943210 0.01204026
2459332.4529203465 0.99558585 0.01204026
2459332.4530478683 0.99857884 0.01204026
2459332.4531753063 0.99843480 0.01204026
2459332.4533027657 0.99551646 0.01204026
2459332.4534299984 0.99207518 0.01204026
2459332.4535579332 0.99689789 0.01204026
2459332.4536852292 0.99523902 0.01204026
2459332.4538126336 0.99810716 0.01204026
2459332.4539404595 0.99711976 0.01204026
2459332.4540680884 0.99633424 0.01204026
2459332.4541955730 0.99729743 0.01204026
2459332.4543235693 0.99687008 0.01204026
2459332.4544511144 0.99556682 0.01204026
2459332.4545784481 0.99304955 0.01204026
2459332.4547059932 0.99502159 0.01204026
2459332.4548334568 0.99790687 0.01204026
2459332.4549607537 0.99600878 0.01204026
2459332.4550881921 0.99476547 0.01204026
2459332.4552153507 0.99650819 0.01204026
2459332.4553428339 0.99473752 0.01204026
2459332.4554702751 0.99689312 0.01204026
2459332.4555976898 0.99967750 0.01204026
2459332.4557251064 0.99685433 0.01204026
2459332.4558525817 0.99811117 0.01204026
2459332.4559801156 0.99567881 0.01204026
2459332.4561075717 0.99546177 0.01204026
2459332.4562350777 0.99354765 0.01204026
2459332.4563633176 0.99555658 0.01204026
2459332.4564907756 0.99578144 0.01204026
2459332.4566182392 0.99585360 0.01204026
2459332.4567457098 0.99566673 0.01204026
2459332.4568737051 0.99686910 0.01204026
2459332.4570011357 0.99559861 0.01204026
2459332.4571286375 0.99584379 0.01204026
2459332.4572569248 0.99690632 0.01204026
2459332.4573845062 0.99656354 0.01204026
2459332.4575120164 0.99709070 0.01204026
2459332.4576398148 0.99454930 0.01204026
2459332.4577673394 0.99687123 0.01204026
2459332.4578949022 0.99945282 0.01204026
2459332.4580222000 0.99975580 0.01204026
2459332.4581501223 0.99624915 0.01204026
2459332.4582776921 1.00127296 0.01204026
2459332.4584060665 0.99837780 0.01204026
2459332.4585340549 0.99699423 0.01204026
2459332.4586615600 0.99541258 0.01204026
2459332.4587890510 0.99827659 0.01204026
2459332.4589164788 0.99751062 0.01204026
2459332.4590438730 0.99568577 0.01204026
2459332.4591713496 0.99631475 0.01204026
2459332.4592989390 0.99564955 0.01204026
2459332.4594265432 0.99455102 0.01204026
2459332.4595540790 0.99898369 0.01204026
2459332.4596820441 0.99793639 0.01204026
2459332.4598093526 0.99922005 0.01204026
2459332.4599367590 0.99649611 0.01204026
2459332.4600647683 0.99591685 0.01204026
2459332.4601922105 0.99650002 0.01204026
2459332.4603197668 0.99589127 0.01204026
2459332.4604472406 1.00021763 0.01204026
2459332.4605748341 0.99962810 0.01204026
2459332.4607025022 0.99724043 0.01204026
2459332.4608299760 0.99792424 0.01204026
2459332.4609574750 0.99720638 0.01204026
2459332.4610844227 0.99453862 0.01204026
2459332.4612118909 0.99629999 0.01204026
2459332.4613393596 0.99970117 0.01204026
2459332.4614666505 0.99519462 0.01204026
2459332.4615941672 0.99559154 0.01204026
2459332.4617220890 0.99758184 0.01204026
2459332.4618496285 0.99850596 0.01204026
2459332.4619771033 0.99712402 0.01204026
2459332.4621045361 0.99555271 0.01204026
2459332.4622318503 1.00067999 0.01204026
2459332.4623593264 0.99799325 0.01204026
2459332.4624866792 1.00257984 0.01204026
2459332.4626140310 0.99706032 0.01204026
2459332.4627412949 0.99642504 0.01204026
2459332.4628688004 0.99762628 0.01204026
2459332.4629965811 0.99514872 0.01204026
2459332.4631240522 0.99747586 0.01204026
2459332.4632515390 0.99685615 0.01204026
2459332.4633787731 0.99638418 0.01204026
2459332.4635063587 0.99888105 0.01204026
2459332.4636338530 0.99907573 0.01204026
2459332.4637616891 0.99775402 0.01204026
2459332.4638893078 0.99848693 0.01204026
2459332.4640169451 0.99929519 0.01204026
2459332.4641446522 0.99904801 0.01204026
2459332.4642721433 0.99973955 0.01204026
2459332.4643996600 0.99629743 0.01204026
2459332.4645271981 0.99935316 0.01204026
2459332.4646546310 0.99771208 0.01204026
2459332.4647821444 0.99628401 0.01204026
2459332.4649095912 0.99852930 0.01204026
2459332.4650369221 0.99859414 0.01204026
2459332.4651642726 0.99654184 0.01204026
2459332.4652918051 1.00049365 0.01204026
2459332.4654192659 0.99997806 0.01204026
2459332.4655468902 0.99717783 0.01204026
2459332.4656743258 0.99873619 0.01204026
2459332.4658019138 0.99529322 0.01204026
2459332.4659290314 0.99671227 0.01204026
2459332.4660563394 1.00130852 0.01204026
2459332.4661842603 0.99558688 0.01204026
2459332.4663120783 0.99693203 0.01204026
2459332.4664396122 0.99684201 0.01204026
2459332.4665671685 0.99887478 0.01204026
2459332.4666946521 1.00200940 0.01204026
2459332.4668222726 0.99855396 0.01204026
2459332.4669497805 1.00191142 0.01204026
2459332.4670769065 0.99715443 0.01204026
2459332.4672043929 0.99979929 0.01204026
2459332.4673317866 0.99467268 0.01204026
2459332.4674592805 0.99921210 0.01204026
2459332.4675868275 0.99867212 0.01204026
2459332.4677144978 0.99598726 0.01204026
2459332.4678423381 0.99803029 0.01204026
2459332.4679695694 0.99997055 0.01204026
2459332.4680970935 1.00325920 0.01204026
2459332.4682245455 0.99488033 0.01204026
2459332.4683520771 1.00089242 0.01204026
2459332.4684795360 0.99591524 0.01204026
2459332.4686070234 0.99584737 0.01204026
2459332.4687345140 0.99883559 0.01204026
2459332.4688617927 0.99724070 0.01204026
2459332.4689893657 1.00043830 0.01204026
2459332.4691168824 0.99678450 0.01204026
2459332.4692443898 0.99895381 0.01204026
2459332.4693720029 1.00031662 0.01204026
2459332.4694997328 0.99921244 0.01204026
2459332.4696271978 0.99891717 0.01204026
2459332.4697546689 0.99955263 0.01204026
2459332.4698820938 0.99739748 0.01204026
2459332.4700091979 1.00048417 0.01204026
2459332.4701367840 0.99705970 0.01204026
2459332.4702644655 0.99739660 0.01204026
2459332.4703921136 1.00211235 0.01204026
2459332.4705196316 1.00130830 0.01204026
2459332.4706469872 0.99825214 0.01204026
2459332.4707745514 0.99741204 0.01204026
2459332.4709021864 0.99918960 0.01204026
2459332.4710293440 1.00095958 0.01204026
2459332.4711584048 1.00051129 0.01204026
2459332.4712857343 0.99869272 0.01204026
2459332.4714131313 0.99500711 0.01204026
2459332.4715406033 1.00129836 0.01204026
2459332.4716681633 1.00232376 0.01204026
2459332.4717954276 0.99900551 0.01204026
2459332.4719233164 0.99976915 0.01204026
2459332.4720506552 0.99727451 0.01204026
2459332.4721780932 0.99658944 0.01204026
2459332.4723056029 0.99756867 0.01204026
2459332.4724335936 0.99967747 0.01204026
2459332.4725611056 0.99535255 0.01204026
2459332.4726886097 1.00072158 0.01204026
2459332.4728160952 0.99715389 0.01204026
2459332.4729435877 0.99823026 0.01204026
2459332.4730710550 1.00348068 0.01204026
2459332.4731987603 1.00125686 0.01204026
2459332.4733262160 1.00017255 0.01204026
2459332.4734537215 0.99830559 0.01204026
2459332.4735819935 0.99896703 0.01204026
2459332.4737092047 0.99739710 0.01204026
2459332.4738367144 0.99772926 0.01204026
2459332.4739646763 1.00024203 0.01204026
2459332.4740921981 1.00325495 0.01204026
2459332.4742192905 1.00062027 0.01204026
2459332.4743467718 1.00582682 0.01204026
2459332.4744754592 1.00264904 0.01204026
2459332.4746028692 0.99855544 0.01204026
2459332.4747304996 0.99824872 0.01204026
2459332.4748582686 0.99699574 0.01204026
2459332.4749856200 1.00009435 0.01204026
2459332.4751129583 0.99856842 0.01204026
2459332.4752409169 1.00109664 0.01204026
2459332.4753683363 1.00037922 0.01204026
2459332.4754959284 0.99946287 0.01204026
2459332.4756235979 0.99293207 0.01204026
2459332.4757508081 0.99724775 0.01204026
2459332.4758783057 0.99945787 0.01204026
2459332.4760062299 1.00398621 0.01204026
2459332.4761337191 1.00035844 0.01204026
2459332.4762611124 1.00195001 0.01204026
2459332.4763886426 0.99974787 0.01204026
2459332.4765168782 0.99887330 0.01204026
2459332.4766443842 1.00116127 0.01204026
2459332.4767718706 0.99865723 0.01204026
2459332.4769001985 0.99896002 0.01204026
2459332.4770277487 0.99405153 0.01204026
2459332.4771549078 1.00110738 0.01204026
2459332.4772832370 1.00293050 0.01204026
2459332.4774107300 1.00078423 0.01204026
2459332.4775383109 1.00204095 0.01204026
2459332.4776659557 0.99991004 0.01204026
2459332.4777934682 0.99947603 0.01204026
2459332.4779209951 0.99776982 0.01204026
2459332.4780491176 0.99506801 0.01204026
2459332.4781768168 1.00124997 0.01204026
2459332.4783042944 0.99890975 0.01204026
2459332.4784317687 1.00210783 0.01204026
2459332.4785590740 0.99645972 0.01204026
2459332.4786866480 0.99935088 0.01204026
2459332.4788142578 0.99720569 0.01204026
2459332.4789417656 1.00204610 0.01204026
2459332.4790693163 0.99910484 0.01204026
2459332.4791968991 0.99811953 0.01204026
2459332.4793243501 1.00079735 0.01204026
2459332.4794519590 1.00307117 0.01204026
2459332.4795794855 0.99735167 0.01204026
2459332.4797069719 1.00193112 0.01204026
2459332.4798344756 1.00291437 0.01204026
2459332.4799619587 0.99862631 0.01204026
2459332.4800894284 1.00252049 0.01204026
2459332.4802174084 1.00189258 0.01204026
2459332.4803449498 0.99772069 0.01204026
2459332.4804723714 0.99918831 0.01204026
2459332.4805998886 1.00060843 0.01204026
2459332.4807273890 0.99670293 0.01204026
2459332.4808548437 0.99873136 0.01204026
2459332.4809830585 1.00167925 0.01204026
2459332.4811105682 0.99665926 0.01204026
2459332.4812381398 0.99917826 0.01204026
2459332.4813656085 0.99687665 0.01204026
2459332.4814932952 0.99700328 0.01204026
2459332.4816208533 0.99970598 0.01204026
2459332.4817483099 0.99803840 0.01204026
2459332.4818756892 1.00176043 0.01204026
2459332.4820031687 1.00144547 0.01204026
2459332.4821306891 0.99896911 0.01204026
2459332.4822588237 1.00085028 0.01204026
2459332.4823862910 0.99867069 0.01204026
2459332.4825137728 0.99465478 0.01204026
2459332.4826412746 1.00128494 0.01204026
2459332.4827688797 1.00078919 0.01204026
2459332.4828963485 0.99990348 0.01204026
2459332.4830246656 0.99891022 0.01204026
2459332.4831521744 1.00044600 0.01204026
2459332.4832797241 1.00349695 0.01204026
2459332.4834079752 1.00024088 0.01204026
2459332.4835354062 1.00021460 0.01204026
2459332.4836629075 1.00210370 0.01204026
2459332.4837907050 0.99754244 0.01204026
2459332.4839182165 0.99691030 0.01204026
2459332.4840457481 1.00055330 0.01204026
2459332.4841732010 1.00061132 0.01204026
2459332.4843011764 1.00173061 0.01204026
2459332.4844287233 1.00092965 0.01204026
2459332.4845563257 1.00081777 0.01204026
2459332.4846838792 0.99808281 0.01204026
2459332.4848113372 1.00210745 0.01204026
2459332.4849388096 1.00027681 0.01204026
2459332.4850660148 0.99887486 0.01204026
2459332.4851935385 1.00020921 0.01204026
2459332.4853210319 0.99877640 0.01204026
2459332.4854487167 1.00315026 0.01204026
2459332.4855762855 0.99926978 0.01204026
2459332.4857038688 1.00202776 0.01204026
2459332.4858318469 0.99900272 0.01204026
2459332.4859600482 1.00129829 0.01204026
2459332.4860875355 0.99916046 0.01204026
2459332.4862151877 0.99830503 0.01204026
2459332.4863426564 0.99563314 0.01204026
2459332.4864702360 0.99664138 0.01204026
2459332.4865977885 1.00219274 0.01204026
2459332.4867254598 1.00151359 0.01204026
2459332.4868529988 0.99665509 0.01204026
2459332.4869806147 0.99889641 0.01204026
2459332.4871099680 1.00262565 0.01204026
2459332.4872376239 0.99897335 0.01204026
2459332.4873651420 0.99900879 0.01204026
2459332.4874926656 1.00399905 0.01204026
2459332.4876201493 1.00231159 0.01204026
2459332.4877476688 1.00016231 0.01204026
2459332.4878753847 0.99990919 0.01204026
2459332.4880030458 0.99976046 0.01204026
2459332.4881306491 0.99492215 0.01204026
2459332.4882581257 1.00116950 0.01204026
2459332.4883855018 1.00161788 0.01204026
2459332.4885128937 1.00407884 0.01204026
2459332.4886404034 0.99806356 0.01204026
2459332.4887686847 1.00044496 0.01204026
2459332.4888958354 0.99952536 0.01204026
2459332.4890233334 0.99439053 0.01204026
2459332.4891508212 1.00019541 0.01204026
2459332.4892783426 0.99936297 0.01204026
2459332.4894059161 1.00029938 0.01204026
2459332.4895336782 0.99793684 0.01204026
2459332.4896608503 1.00070536 0.01204026
2459332.4897882915 1.00345680 0.01204026
2459332.4899158096 0.99893667 0.01204026
2459332.4900440928 1.00129963 0.01204026
2459332.4901716420 0.99877270 0.01204026
2459332.4902987941 0.99767264 0.01204026
2459332.4904263616 1.00184321 0.01204026
2459332.4905538694 0.99840634 0.01204026
2459332.4906813228 0.99958369 0.01204026
2459332.4908088674 1.00094926 0.01204026
2459332.4909363943 1.00077265 0.01204026
2459332.4910639026 0.99759380 0.01204026
2459332.4911916140 0.99706212 0.01204026
2459332.4913187884 0.99729341 0.01204026
2459332.4914463023 0.99839074 0.01204026
2459332.4915738255 1.00061968 0.01204026
2459332.4917013147 1.00184953 0.01204026
2459332.4918286926 0.99915426 0.01204026
2459332.4919561688 0.99818267 0.01204026
2459332.4920835951 0.99846209 0.01204026
2459332.4922110923 0.99539482 0.01204026
2459332.4923385866 0.99687054 0.01204026
2459332.4924661247 1.00086928 0.01204026
2459332.4925936954 0.99789084 0.01204026
2459332.4927211264 0.99837700 0.01204026
2459332.4928496731 0.99512885 0.01204026
2459332.4929771475 1.00039227 0.01204026
2459332.4931046166 1.00035537 0.01204026
2459332.4932330260 0.99840224 0.01204026
2459332.4933606004 0.99877300 0.01204026
2459332.4934880724 0.99784883 0.01204026
2459332.4936154759 1.00118680 0.01204026
2459332.4937433726 0.99842771 0.01204026
2459332.4938709009 0.99650357 0.01204026
2459332.4939984148 0.99869759 0.01204026
2459332.4941259660 1.00070471 0.01204026
2459332.4942534501 0.99866232 0.01204026
2459332.4943809644 0.99882495 0.01204026
2459332.4945083694 1.00113871 0.01204026
2459332.4946355927 0.99926149 0.01204026
2459332.4947631303 0.99881842 0.01204026
2459332.4948906675 0.99699515 0.01204026
2459332.4950181451 1.00072868 0.01204026
2459332.4951456096 0.99713069 0.01204026
2459332.4952733680 1.00043778 0.01204026
2459332.4954008758 1.00090245 0.01204026
2459332.4955284023 1.00161603 0.01204026
2459332.4956562063 0.99941737 0.01204026
2459332.4957842743 0.99599206 0.01204026
2459332.4959116797 0.99798831 0.01204026
2459332.4960391615 1.00084830 0.01204026
2459332.4961666437 0.99812625 0.01204026
2459332.4962942242 1.00059583 0.01204026
2459332.4964216999 0.99850516 0.01204026
2459332.4965488263 0.99919884 0.01204026
2459332.4966762862 0.99884485 0.01204026
2459332.4968037666 0.99788611 0.01204026
2459332.4969309904 0.99562566 0.01204026
2459332.4970586714 0.99749669 0.01204026
2459332.4971860568 1.00199133 0.01204026
2459332.4973136191 1.00076626 0.01204026
2459332.4974410068 0.99719497 0.01204026
2459332.4975684802 0.99907707 0.01204026
2459332.4976965426 0.99745739 0.01204026
2459332.4978242554 0.99956773 0.01204026
2459332.4979517893 1.00037062 0.01204026
2459332.4980792962 1.00288676 0.01204026
2459332.4982068045 0.99467777 0.01204026
2459332.4983341736 0.99792387 0.01204026
2459332.4984616842 0.99881272 0.01204026
2459332.4985892698 1.00095305 0.01204026
2459332.4987167921 0.99763051 0.01204026
2459332.4988443567 1.00415892 0.01204026
2459332.4989716643 1.00113739 0.01204026
2459332.4990993482 1.00177511 0.01204026
2459332.4992268854 0.99898513 0.01204026
2459332.4993550652 1.00020260 0.01204026
2459332.4994825753 0.99808483 0.01204026
2459332.4996100892 1.00094944 0.01204026
2459332.4997378527 0.99931003 0.01204026
2459332.4998653592 0.99929100 0.01204026
2459332.4999928339 1.00065928 0.01204026
2459332.5001204428 0.99611209 0.01204026
2459332.5002479078 0.99818651 0.01204026
2459332.5003754692 1.00028151 0.01204026
2459332.5005030138 0.99981980 0.01204026
2459332.5006303606 0.99710830 0.01204026
2459332.5007578954 0.99781886 0.01204026
2459332.5008853832 0.99739647 0.01204026
2459332.5010131723 1.00212577 0.01204026
2459332.5011403398 1.00293628 0.01204026
2459332.5012678476 0.99825485 0.01204026
2459332.5013956428 0.99797923 0.01204026
2459332.5015231827 0.99878294 0.01204026
2459332.5016507730 0.99694695 0.01204026
2459332.5017787023 1.00165819 0.01204026
2459332.5019062809 0.99923875 0.01204026
2459332.5020338055 0.99782484 0.01204026
2459332.5021609259 0.99985509 0.01204026
